1.257246505004240306e-03
6.567146805672242731e-03
1.263363780611358872e-02
1.963181013681158590e-02
2.732679653870611486e-02
3.507357451419457206e-02
4.324871150300720057e-02
5.064956563266441447e-02
5.863265117199278204e-02
6.605865437710671528e-02
7.395653557944156797e-02
8.225396415031435704e-02
9.014751100823514829e-02
9.759237997387250341e-02
1.055416633067667864e-01
1.132679048977042191e-01
1.214549076345030759e-01
1.290965811504728444e-01
1.367896479139723287e-01
1.448121859903527819e-01
1.525448343662561546e-01
1.604791653375754190e-01
1.684795725686241696e-01
1.765271640037661127e-01
1.844109684997963516e-01
1.920398360926053316e-01
1.999011312253919093e-01
2.077698489711800878e-01
2.157314468852296607e-01
2.235037810292523630e-01
2.312045837154285410e-01
2.390902333912423294e-01
2.477753355071103114e-01
2.548428731681123272e-01
2.631225500287545649e-01
2.708855469275546213e-01
2.786978133759310250e-01
2.865340141695894571e-01
2.944083031796655980e-01
3.021584634489832277e-01
3.101042912986327615e-01
3.181694788180758904e-01
3.256825228557240770e-01
3.346100930600625634e-01
3.417626017997721366e-01
3.492638984873717156e-01
3.573367222691752332e-01
3.654375967265400815e-01
3.735866009237903684e-01
3.808356492356094747e-01
3.886162967647458499e-01
3.965216844192098189e-01
4.045841974565170807e-01
4.122548405947396577e-01
4.205869845282048103e-01
4.288050550411683925e-01
4.362905105982418097e-01
4.442991587028994327e-01
4.519175477182438283e-01
4.595060859226891559e-01
4.674761290802472713e-01
4.756081715566649604e-01
4.836793890058923018e-01
4.911525249249045766e-01
5.006516205573336986e-01
5.073179421232593134e-01
5.147910780422716437e-01
5.228622954914987631e-01
5.310368332934307656e-01
5.389643811254747341e-01
5.465529193299200061e-01
5.541713083452647348e-01
5.623948421605921011e-01
5.696218200279193900e-01
5.777976608111532464e-01
5.861298047446193982e-01
5.938429432083555115e-01
6.018629609201475716e-01
6.098080942025930762e-01
6.175887417317296180e-01
6.253230672941909596e-01
6.329867942407995107e-01
6.410876686981638040e-01
6.491604924799675436e-01
6.566612478258411212e-01
6.637712612400367140e-01
6.726988314443745898e-01
6.802118754820234425e-01
6.884919487121363701e-01
6.962228908511152170e-01
7.039730511204334018e-01
7.117639202017971289e-01
7.196426163209697080e-01
7.274123874438326309e-01
7.351753843426322987e-01
7.434550612032747585e-01
7.521357811562091600e-01
7.592077009801446730e-01
7.670933506559581838e-01
7.747941533421344174e-01
7.826089828116712388e-01
7.905280854002065816e-01
7.984401156893072837e-01
8.063014108220944998e-01
8.141451641255738059e-01
8.218140829109330525e-01
8.299136493980496798e-01
8.379619768897856869e-01
8.459388031866179603e-01
8.536289562370078521e-01
8.616514943133882776e-01
8.693445610768877341e-01
8.774715118434991412e-01
8.852218470904967829e-01
8.929981387314838148e-01
9.009937012202465789e-01
9.084810655113978450e-01
9.163321170438049057e-01
9.247221734537844906e-01
9.326200546561193017e-01
9.403492709628612500e-01
9.481174707915205335e-01
9.557044163551293714e-01
9.639240056910264309e-01
9.718033412483091382e-01
9.795881432209412321e-01
9.867205596772565812e-01
9.933868812431827511e-01
