1.187354712082629464e-03
6.716803980585527196e-03
1.317297678195571142e-02
2.076103093604792990e-02
2.975162732485068032e-02
3.816357568882904755e-02
4.627543143010845461e-02
5.435603919433127512e-02
6.322311109552276875e-02
7.113778924619942878e-02
7.978082403863061278e-02
8.828614774706940171e-02
9.675210545510233573e-02
1.050583261158034160e-01
1.130760302849730808e-01
1.220428725796891128e-01
1.301016520356449990e-01
1.383470695524063876e-01
1.468734971033086312e-01
1.552644988566057593e-01
1.639716082759787863e-01
1.718832872720092442e-01
1.804577820620161532e-01
1.887135387448984070e-01
1.976698821228559666e-01
2.056043476527344704e-01
2.140053560900645468e-01
2.221991807415717446e-01
2.305667016521199264e-01
2.387696570554619091e-01
2.480555172270311748e-01
2.558977112872091730e-01
2.641074717566495589e-01
2.728461511728262345e-01
2.811092654913243116e-01
2.893962491903919187e-01
2.981034626832687606e-01
3.061695490160896704e-01
3.144211043412951101e-01
3.234710719738475571e-01
3.321631278802839593e-01
3.394080525336020671e-01
3.480981903750071105e-01
3.566063020403221207e-01
3.651271905860125622e-01
3.735534864101685559e-01
3.818339091026262122e-01
3.902639787581807518e-01
3.989527639366777234e-01
4.068209780850589596e-01
4.157237201644081726e-01
4.238389412171509329e-01
4.321966995500570730e-01
4.405993457014487080e-01
4.487004037130087331e-01
4.573363720981903913e-01
4.659821030514964546e-01
4.742337807474777955e-01
4.821696154924522970e-01
4.910666211465923303e-01
5.008051284143641979e-01
5.075248897806498016e-01
5.164588558132642282e-01
5.243577301797641699e-01
5.329177543139088646e-01
5.415708107918386638e-01
5.501173898191363820e-01
5.579921652257934239e-01
5.665197814361270234e-01
5.747511170190096053e-01
5.833463048782088212e-01
5.917690801511017451e-01
6.005631422721201540e-01
6.083260794779804526e-01
6.167931095120091634e-01
6.258137939537701255e-01
6.336752897121779027e-01
6.420267558518413242e-01
6.507611501220607053e-01
6.592250053585617664e-01
6.682147402895273203e-01
6.752125932057650992e-01
6.842995212167926056e-01
6.925141161635228748e-01
7.009778758114532105e-01
7.095634557389450814e-01
7.176113600667631820e-01
7.258375140067869769e-01
7.348845398611265622e-01
7.427859538924034277e-01
7.521445576948437850e-01
7.599587628681541140e-01
7.683311406775225061e-01
7.766199811331395697e-01
7.848507661631213272e-01
7.935749385318484617e-01
8.021195800715762436e-01
8.101494319961294321e-01
8.184421490574849134e-01
8.269796834690187337e-01
8.355897156095354328e-01
8.436435331677665239e-01
8.522608175259687169e-01
8.606060237553119219e-01
8.691134570949659022e-01
8.777183384385617293e-01
8.858676927859492345e-01
8.938484365766438122e-01
9.025523305524552065e-01
9.107099273844285747e-01
9.196952178993240690e-01
9.278582858852990611e-01
9.360813104741381174e-01
9.446782856311696230e-01
9.530760281306210890e-01
9.613278805172332797e-01
9.698141035657544817e-01
9.788117957108536382e-01
9.866861276251048807e-01
9.934058889913904844e-01
