1.446996485452040201e-03
6.236743853557874008e-03
1.241063130271132138e-02
1.882948427063727351e-02
2.668564371059854376e-02
3.473827802397390363e-02
4.250619013711338240e-02
5.087175176330440557e-02
5.845147067391950196e-02
6.591317496199960990e-02
7.433795086797630181e-02
8.232681418865928080e-02
8.997163378898533070e-02
9.791115941947049761e-02
1.060335543436051742e-01
1.138872238275594195e-01
1.218335277971588637e-01
1.296922055502652271e-01
1.371102350113665158e-01
1.451071365529302548e-01
1.533088956393584834e-01
1.613123071483023030e-01
1.692322250931695415e-01
1.770890408745287303e-01
1.849611032201404492e-01
1.927427895981372596e-01
2.010825685390878748e-01
2.090362884674223931e-01
2.168603942168358389e-01
2.247591768896051168e-01
2.326866514286003718e-01
2.407768408043595709e-01
2.493047643937801316e-01
2.567002131962231593e-01
2.645475261499452002e-01
2.724583171047523233e-01
2.804686281681841864e-01
2.885025342650101021e-01
2.960553055935960520e-01
3.038529833272414771e-01
3.118750106555405188e-01
3.204054970868051577e-01
3.276511082946358400e-01
3.363041022281354486e-01
3.441523196708028420e-01
3.519390069487484674e-01
3.600076480563812464e-01
3.679280536180009609e-01
3.756809691649580785e-01
3.838339553737506460e-01
3.916200981558528027e-01
4.002199619441886291e-01
4.077338185080464639e-01
4.156667744620238802e-01
4.236167687589529884e-01
4.313878242780290750e-01
4.395297815996911939e-01
4.472785194564889988e-01
4.551639920120589267e-01
4.634046608873642059e-01
4.709744320809099438e-01
4.792191811008275626e-01
4.869754823046921199e-01
4.937482459003392221e-01
5.040081190745684392e-01
5.107808826702155969e-01
5.185371838740800987e-01
5.267819328939977730e-01
5.343517040875435109e-01
5.425923729628489012e-01
5.504778455184186070e-01
5.582705974597235166e-01
5.664125547813850803e-01
5.741836103004613889e-01
5.821799352126614258e-01
5.901128911666384536e-01
5.976267477304965103e-01
6.062266115188323923e-01
6.140127543009344935e-01
6.221657405097267279e-01
6.299186560566844006e-01
6.378390616183035045e-01
6.459077027259362280e-01
6.536943900038824085e-01
6.615426074465496908e-01
6.701956013800491885e-01
6.774412125878795932e-01
6.859716990191445651e-01
6.939937263474432738e-01
7.017914040810886434e-01
7.093441754096744267e-01
7.173780815065005090e-01
7.253883925699323720e-01
7.332991835247402168e-01
7.411464964784618692e-01
7.485419452809052299e-01
7.570698688703262347e-01
7.651137276308147550e-01
7.730412021698104263e-01
7.809399848425799817e-01
7.887640905919928169e-01
7.967178105203270855e-01
8.050575894612783667e-01
8.128392758392746220e-01
8.207650958453521772e-01
8.286219116267121709e-01
8.365418295715795205e-01
8.445452410805228682e-01
8.527470001669513744e-01
8.607876424136153837e-01
8.682056718747157564e-01
8.761103774286144175e-01
8.841433561082944204e-01
8.920941647437472533e-01
9.002165596678822768e-01
9.082060303588009864e-01
9.158977983159346525e-01
9.238866616366172568e-01
9.323114375425944900e-01
9.398722550283784560e-01
9.474519739389941630e-01
9.558175355651853389e-01
9.636716890423200343e-01
9.718683700278155646e-01
9.798165890020155144e-01
9.866719660712659490e-01
9.933641520497176192e-01
