1.423468240321693317e-03
6.418680244450562615e-03
1.257139276682996479e-02
1.951043144921624575e-02
2.732102290217005083e-02
3.546697447436725215e-02
4.347944134427932095e-02
5.147207408639188631e-02
5.929367607081953429e-02
6.760845204428779509e-02
7.541661977843260034e-02
8.299587456548887521e-02
9.141127260189628456e-02
9.922429378440135450e-02
1.074302934492943618e-01
1.154860659008442314e-01
1.231487314626586033e-01
1.312899116939524047e-01
1.397194489410700791e-01
1.473097747913382494e-01
1.553233782333184598e-01
1.635333458952999974e-01
1.707937607184825679e-01
1.794368549054369821e-01
1.874551426294665812e-01
1.948807512442483070e-01
2.031992350923853552e-01
2.115314031224594937e-01
2.192246281560327470e-01
2.266043210956878995e-01
2.354604233472908925e-01
2.430437974177142579e-01
2.507753529443380036e-01
2.586701223334346156e-01
2.672356036938502433e-01
2.753015278031818447e-01
2.833571453323232570e-01
2.907366139257132054e-01
2.990736713112001066e-01
3.071383991737968722e-01
3.150839458246912361e-01
3.229539964785286821e-01
3.319709631684796269e-01
3.389261448835040325e-01
3.470426303599040696e-01
3.553356887808910014e-01
3.631267304171928445e-01
3.711356304653306570e-01
3.792938441242646452e-01
3.872767399326739746e-01
3.949528522621199023e-01
4.027659615096498280e-01
4.111353381365705495e-01
4.189605852502225614e-01
4.277139596830071278e-01
4.353505348058366864e-01
4.433575947667038331e-01
4.509970037015247346e-01
4.588439535354116861e-01
4.669916431763448950e-01
4.756892652391615517e-01
4.834436303777637778e-01
4.910859277085724561e-01
5.005160690342819185e-01
5.071669714542810237e-01
5.148092687850894800e-01
5.230123176923406891e-01
5.312612559865084183e-01
5.394089456274417937e-01
5.473781000317797796e-01
5.553424388879170115e-01
5.629023643570167934e-01
5.714056097294051284e-01
5.792923139126308074e-01
5.870712840120756448e-01
5.955628652094471231e-01
6.032537698865262366e-01
6.110622236249334538e-01
6.193614617930305322e-01
6.270709916833157038e-01
6.350798917314534053e-01
6.432251147869163521e-01
6.511639917887420692e-01
6.592804772651423839e-01
6.681029851413181619e-01
6.752526256701176788e-01
6.831644108091605716e-01
6.912321620305048597e-01
6.991746853226512570e-01
7.075603335730556998e-01
7.157634172192421929e-01
7.231277611045475728e-01
7.310613438049187174e-01
7.397490297357856015e-01
7.475215945544306795e-01
7.552531500810545362e-01
7.632852079201269957e-01
7.716926264030812277e-01
7.793401423438254261e-01
7.872138429232627965e-01
7.951918295341763310e-01
8.035103133823128241e-01
8.114284942888949637e-01
8.189980982442746082e-01
8.276411924312291335e-01
8.358465229585280154e-01
8.432038214983175184e-01
8.512646660589673342e-01
8.597216621587945307e-01
8.672845291563523462e-01
8.754257093876471885e-01
8.832105795199124421e-01
8.915912818927779204e-01
8.993501470659041042e-01
9.076563142463942579e-01
9.156230285141533365e-01
9.232022833012089036e-01
9.313646324545156174e-01
9.393295847345239924e-01
9.473767160880292026e-01
9.556862575169254859e-01
9.633492611974001640e-01
9.714952127695980488e-01
9.797059917574082455e-01
9.867526169287085258e-01
9.934035193487084081e-01
