1.634937144119787654e-03
6.411092391234665504e-03
1.264024251891388007e-02
2.072332586785839356e-02
2.931429191114817701e-02
3.825483968478479019e-02
4.615661238190420929e-02
5.466951834779229524e-02
6.306088918969836310e-02
7.152186156473740175e-02
8.038628739501772758e-02
8.861780350934297945e-02
9.700740649046410424e-02
1.053530156538199786e-01
1.139233253636712240e-01
1.224947003710201987e-01
1.307610241329653089e-01
1.394100482917641215e-01
1.472633703684312900e-01
1.558968189137207583e-01
1.645911625005534173e-01
1.728716036277619938e-01
1.812161263337372652e-01
1.896848932390810538e-01
1.985566153721398386e-01
2.065574066414729293e-01
2.150580710006531615e-01
2.235138686642303973e-01
2.322739515740271099e-01
2.405949514666950728e-01
2.493126233100270150e-01
2.574661422485657325e-01
2.656427295872358374e-01
2.744819122436575887e-01
2.832366104732929601e-01
2.914515245359131645e-01
2.998238939664634728e-01
3.082650170496794573e-01
3.167081840802429271e-01
3.251089321096429785e-01
3.342548942995249295e-01
3.422149467886665963e-01
3.506918913476780864e-01
3.591949589627243533e-01
3.675856927439570265e-01
3.762188856386343705e-01
3.845549794848852621e-01
3.931944180573342384e-01
4.014790958017971367e-01
4.101627233790277050e-01
4.185345361743153525e-01
4.272388269748407796e-01
4.353091253715466458e-01
4.440199722193185483e-01
4.521414974620945881e-01
4.611900729910159979e-01
4.696530096243665131e-01
4.775192663900288959e-01
4.862897634960107185e-01
4.939501038030043589e-01
5.039877776099448425e-01
5.116481179169386495e-01
5.204186150229198615e-01
5.287370988738894217e-01
5.367999732628304654e-01
5.458485487917519308e-01
5.539700740345275820e-01
5.626809208822995956e-01
5.713666643361224873e-01
5.794555100795309999e-01
5.882273851192285630e-01
5.965109504520490491e-01
6.047956281965122249e-01
6.134350667689613124e-01
6.217711606152122039e-01
6.303521886689918974e-01
6.387429224502246816e-01
6.476460523096810862e-01
6.557229346242825496e-01
6.636829871134242165e-01
6.728289493033060564e-01
6.812296973327061078e-01
6.896728643632689115e-01
6.981139874464857842e-01
7.069283372971665314e-01
7.153134915217177481e-01
7.234527446942360385e-01
7.322919273506577342e-01
7.404685146893278391e-01
7.486220336278669452e-01
7.573397054711986653e-01
7.661096721466178483e-01
7.745113629511826137e-01
7.829671606147602381e-01
7.914678249739408589e-01
7.995110394572556567e-01
8.083827615903156349e-01
8.168515284956583411e-01
8.255961134460441109e-01
8.335267941397072056e-01
8.422609244695976605e-01
8.508943730148867957e-01
8.595039976568428219e-01
8.676774565801773642e-01
8.759437803421228352e-01
8.849152175938819198e-01
8.930854650593225141e-01
9.014768031416477978e-01
9.099185709636660180e-01
9.181500870779915058e-01
9.270145129082713042e-01
9.355240525489730841e-01
9.443586896446208856e-01
9.525197679792585248e-01
9.605232351933908896e-01
9.695120175801859030e-01
9.783315052605107143e-01
9.868122980979540104e-01
9.934555509216066449e-01
