8.768306874607362245e-04
6.369146746822875252e-03
1.257425896910451153e-02
1.902457944195854248e-02
2.674527075749115468e-02
3.435296966739283253e-02
4.171169872443372673e-02
4.937638719985264907e-02
5.733596324107211734e-02
6.466104700165981045e-02
7.227739740951101555e-02
8.019290895304541367e-02
8.782365165167273224e-02
9.502425284586106524e-02
1.031182706869279708e-01
1.110808628898258127e-01
1.185028990436095553e-01
1.259278812946113268e-01
1.336752947980495709e-01
1.416558022104421610e-01
1.489871946520864021e-01
1.567159073298600713e-01
1.646489825500618009e-01
1.721998224389676146e-01
1.801475376585323362e-01
1.877614689151528016e-01
1.948152654940109307e-01
2.029032570056859830e-01
2.105696050250034645e-01
2.181398516720534086e-01
2.262426739330275771e-01
2.338886084097521745e-01
2.419131109702283844e-01
2.496612745091348895e-01
2.567574735476252368e-01
2.643119753155764862e-01
2.720608204076005454e-01
2.800442610578562364e-01
2.875987249685056923e-01
2.953404139587567645e-01
3.028805765584088872e-01
3.107553424576089962e-01
3.183095728378172451e-01
3.258030236235585075e-01
3.345159852637340503e-01
3.413200946692794835e-01
3.490066316378467315e-01
3.568443977096509845e-01
3.645150394873727939e-01
3.718844756773860283e-01
3.801162854483510767e-01
3.877975368260759836e-01
3.950192148346372001e-01
4.029484621335389094e-01
4.109087226485891309e-01
4.185164765559833966e-01
4.259996325203392331e-01
4.340127302360994310e-01
4.412366481951713881e-01
4.492910709307840755e-01
4.568389051140307466e-01
4.645796163560658720e-01
4.721740150228990185e-01
4.799725786425187990e-01
4.879296972784546438e-01
4.945712787852277192e-01
5.038931247576253769e-01
5.105347062643982303e-01
5.184929208507972342e-01
5.262476248212941687e-01
5.338420234881277038e-01
5.415827347301624961e-01
5.491305689134087231e-01
5.571849916490219101e-01
5.644089096080936452e-01
5.724220073238541762e-01
5.799051632882099572e-01
5.875129171956043894e-01
5.954731777106543333e-01
6.034024250095564312e-01
6.106241030181176477e-01
6.182587343492226273e-01
6.264905441201872316e-01
6.338599803102007435e-01
6.415306220879219978e-01
6.493683881597261953e-01
6.570549251282936654e-01
6.638590345338396537e-01
6.725719961740146413e-01
6.800654469597565699e-01
6.876196773399635420e-01
6.955363719603381290e-01
7.030765345599904181e-01
7.108182235502410462e-01
7.183726874608907798e-01
7.263561281111465817e-01
7.341049732031709185e-01
7.416594749711223900e-01
7.487556740096122931e-01
7.565038375485196864e-01
7.645283401089953967e-01
7.721742745857193002e-01
7.802770968466942181e-01
7.878473434937437458e-01
7.955561543580724759e-01
8.036850456652485652e-01
8.107388422441067499e-01
8.183527735007257720e-01
8.263413885157929739e-01
8.338922284046978994e-01
8.418253036249002674e-01
8.495540163026735758e-01
8.568854087443182888e-01
8.648659161567102682e-01
8.726133296601492617e-01
8.800383119111501173e-01
8.875012478604353827e-01
8.954638400633320172e-01
9.036017175535230317e-01
9.108023187477105598e-01
9.184760721990267163e-01
9.263915837425605870e-01
9.341342891716230001e-01
9.415002727277105299e-01
9.494598487689319688e-01
9.571245372443494270e-01
9.646674268629504834e-01
9.723628450710983806e-01
9.801273960357534953e-01
9.868443095139248777e-01
9.934477957826038930e-01
