1.408449497654883217e-03
6.881343910734282962e-03
1.286446650669434422e-02
2.130746642774239766e-02
2.992996953034398819e-02
3.839410785482826743e-02
4.677622248605698557e-02
5.520550089907514529e-02
6.345619164115053057e-02
7.171737880831453860e-02
8.034155260541271659e-02
8.857491444465315222e-02
9.733311822727654106e-02
1.054388250946362710e-01
1.139242194568072519e-01
1.226446323607182781e-01
1.307901293318122493e-01
1.397958313812597830e-01
1.473700686421288431e-01
1.560740820379978577e-01
1.649764584332275574e-01
1.736258211253555450e-01
1.817346209627949405e-01
1.898977281954116469e-01
1.989012785942561035e-01
2.069645315758595061e-01
2.152535345551176427e-01
2.237230887586882933e-01
2.326142853640648933e-01
2.410765564600905742e-01
2.496367921243588806e-01
2.576715493863481199e-01
2.662496683362429728e-01
2.747325362639614355e-01
2.837295288180011199e-01
2.918752995604815270e-01
2.998868556507861549e-01
3.087521305460550480e-01
3.173935689535023474e-01
3.257056930194429101e-01
3.345349446211176581e-01
3.425809354080259772e-01
3.513138752882852822e-01
3.594244533239325801e-01
3.679414337496528797e-01
3.762778628900951272e-01
3.848958727261689305e-01
3.936385359569802289e-01
4.019888854694955160e-01
4.103782654857549006e-01
4.188072849769794992e-01
4.275827231555872077e-01
4.354802566095168914e-01
4.441827863480518612e-01
4.524165165983430326e-01
4.613696480712542458e-01
4.696864823377185361e-01
4.780849451179226550e-01
4.868594983912605256e-01
4.941877838367263465e-01
5.042975304020141936e-01
5.116258158474800144e-01
5.204003691208177740e-01
5.291051461243563292e-01
5.371156661674862942e-01
5.460687976403976185e-01
5.543025278906886788e-01
5.630475746360262823e-01
5.717823043263715599e-01
5.797630632753660862e-01
5.884983969899256762e-01
5.965328719179325834e-01
6.048832214304490362e-01
6.136258846612598905e-01
6.222438944973335273e-01
6.305803236377752752e-01
6.391445451821654578e-01
6.475614374411470253e-01
6.560325253274085222e-01
6.640785161143167858e-01
6.729077677159914783e-01
6.812198917819323185e-01
6.898153658577004244e-01
6.986806407529695395e-01
7.069985110666080486e-01
7.156751638221696687e-01
7.238349601397945365e-01
7.323178280675127771e-01
7.408959470174083517e-01
7.489307042793971192e-01
7.574909399436652313e-01
7.662595252630253206e-01
7.748444076450672346e-01
7.833139618486391065e-01
7.916480159609334821e-01
7.997112689425360799e-01
8.087581487750653553e-01
8.169212560076808405e-01
8.253363700684550608e-01
8.336794185372478072e-01
8.426206676244123450e-01
8.513246810202816928e-01
8.597361145175665964e-01
8.679046203305976759e-01
8.760501173016916887e-01
8.851228087606153316e-01
8.933481659136583986e-01
9.014538727810194052e-01
9.103022490848933224e-01
9.186073680790837193e-01
9.273728510315415452e-01
9.357230193043768463e-01
9.443275957459295045e-01
9.524901106396160833e-01
9.609208161357619682e-01
9.695259106595148779e-01
9.781388617117475759e-01
9.866703018883886678e-01
9.934118395384000655e-01
