1.680883415929289694e-03
6.732460417943452423e-03
1.576553211896415674e-02
2.603257301697084122e-02
3.543556929054682975e-02
4.555970943291563768e-02
5.531256572985947945e-02
6.521957001194017556e-02
7.487804459313875116e-02
8.491039280100474984e-02
9.470687390053049437e-02
1.044042854769510198e-01
1.143593338096966089e-01
1.243377429528290529e-01
1.343029810150945524e-01
1.442815919847491302e-01
1.535774835818369266e-01
1.644901212146505642e-01
1.734879059652365552e-01
1.834830805143260191e-01
1.931075336768844908e-01
2.032173523022731687e-01
2.129135211578039588e-01
2.227020713662954399e-01
2.327365651192802032e-01
2.427706850192545285e-01
2.524724305617278564e-01
2.620589977126302483e-01
2.725792540167241151e-01
2.817721723836755232e-01
2.918469620954717292e-01
3.019471108914442703e-01
3.115778443809142373e-01
3.214930771490989714e-01
3.326242864098604146e-01
3.414396269303937026e-01
3.513276544515941957e-01
3.608369780639902324e-01
3.709948618786685914e-01
3.809878327361082562e-01
3.907551300918888360e-01
4.006514523474694611e-01
4.107142200153588441e-01
4.202689424811699714e-01
4.301677906306587973e-01
4.403598547116962525e-01
4.497063236759249460e-01
4.603438820650663232e-01
4.698480087959894247e-01
4.796868478186008256e-01
4.898434966405426083e-01
5.011267753234432965e-01
5.090419808639696786e-01
5.189901593945825953e-01
5.291592517903840331e-01
5.383331251481169311e-01
5.491791538285875074e-01
5.584389355833480062e-01
5.687176868738531565e-01
5.784080647320135604e-01
5.882930405710143917e-01
5.980714180100906718e-01
6.081762105570007737e-01
6.178568207033138249e-01
6.279364787702207407e-01
6.378858922935705111e-01
6.477254692791565294e-01
6.572832434271668189e-01
6.685418817224803023e-01
6.773515762903228321e-01
6.873534962679752613e-01
6.967757594661166953e-01
7.072061616352789404e-01
7.169506979738851093e-01
7.263520866321658831e-01
7.367856557267911111e-01
7.464997430802200462e-01
7.560366673929098669e-01
7.664010406660746177e-01
7.761455938734106441e-01
7.861426143732309635e-01
7.957520960192941972e-01
8.059486018541508479e-01
8.154566457816114777e-01
8.257820737038914505e-01
8.358782287785703202e-01
8.457019125517865055e-01
8.549111169394070231e-01
8.650172481115870893e-01
8.747740158825246803e-01
8.850826783988466895e-01
8.947467846250113377e-01
9.047360666373580607e-01
9.144904317522325465e-01
9.246563494949296969e-01
9.341063537847997811e-01
9.443875636200985690e-01
9.538101665438525334e-01
9.642731827883355145e-01
9.736311307598380926e-01
9.841545227196635270e-01
9.933636195645958455e-01
