1.170540526211048121e-03
6.719664482474955146e-03
1.266169657437555413e-02
2.092960222803535303e-02
3.024918501304969115e-02
3.891033680469890843e-02
4.739901621896333572e-02
5.586422980384064818e-02
6.498474987011913784e-02
7.350016094073770490e-02
8.205344872554276581e-02
9.073145406013435887e-02
9.943296760842562643e-02
1.081584287002656242e-01
1.166737966308786512e-01
1.254094906481401372e-01
1.341472672423844881e-01
1.425249352984768458e-01
1.513869967354838364e-01
1.603637448216805317e-01
1.689961327263340418e-01
1.772278527525325553e-01
1.861291622798019463e-01
1.947698122204845339e-01
2.036876599414720601e-01
2.122863238719993328e-01
2.209228983043317884e-01
2.295052051514739899e-01
2.383160695245317151e-01
2.479293681755811440e-01
2.556647729216213194e-01
2.643819869181112669e-01
2.730757117208528206e-01
2.814401633813435888e-01
2.906689420943652791e-01
2.990565206978674784e-01
3.078262293447782127e-01
3.163226570745096833e-01
3.254417722110614086e-01
3.340728092966004370e-01
3.426029493180258179e-01
3.511986577063779813e-01
3.598969612733087797e-01
3.688840309492450453e-01
3.773918287917587544e-01
3.861249328675449011e-01
3.948468361281892713e-01
4.032579368824410482e-01
4.121322573870630501e-01
4.206377216319470702e-01
4.295526109181416197e-01
4.380470859147984619e-01
4.469997273517656300e-01
4.555058091583339963e-01
4.642424495162386644e-01
4.730684257684690253e-01
4.817186681404779791e-01
4.907343146868248240e-01
5.005334618407827341e-01
5.073813235318150872e-01
5.166278227920240163e-01
5.250472124501708304e-01
5.339127801189821332e-01
5.426098290603063035e-01
5.513467635807359768e-01
5.600685523038414493e-01
5.686026187170791779e-01
5.774779165866928965e-01
5.862142335454388897e-01
5.948577013361990851e-01
6.033083935070315817e-01
6.119907053510951211e-01
6.209546621407427969e-01
6.292316072693950879e-01
6.382582683619119068e-01
6.469169805122613193e-01
6.557435416144760110e-01
6.640428289220395852e-01
6.726671782682909217e-01
6.817467019882624824e-01
6.905165247614734048e-01
6.991425031661097078e-01
7.075696731861922384e-01
7.167588604826332643e-01
7.253541648569856726e-01
7.338170369458656417e-01
7.425738423589370862e-01
7.517114681948571242e-01
7.601138070533070001e-01
7.686938187125033073e-01
7.773626300931334443e-01
7.860035189747088813e-01
7.948330356190984602e-01
8.035200306262237913e-01
8.121552107001422938e-01
8.210169288108296604e-01
8.294795015508907854e-01
8.378810367416827942e-01
8.468973762444598208e-01
8.557198462648869519e-01
8.643283670348403946e-01
8.728352909152230499e-01
8.816539264444349655e-01
8.902262487932621760e-01
8.991825625989648962e-01
9.076923623766428584e-01
9.164565531078724403e-01
9.249702494760960736e-01
9.338043249922246547e-01
9.427390536279861566e-01
9.512892183318851780e-01
9.597383063295690242e-01
9.686303108350799995e-01
9.777190409062319620e-01
9.865183102935319859e-01
9.933467697733822099e-01
