1.485268005996882336e-03
6.524434127503423581e-03
1.240203028336116925e-02
1.965986527321088653e-02
2.860508045993020998e-02
3.647289255244258455e-02
4.416539480888925784e-02
5.294231088763519388e-02
6.134042184748886295e-02
6.927275649035295746e-02
7.759791435228384493e-02
8.575969860575631543e-02
9.416807080930324203e-02
1.024165351905248073e-01
1.105057180567501074e-01
1.188900942220511708e-01
1.273203709172009146e-01
1.353587754545734212e-01
1.433295915282143396e-01
1.519790031858921364e-01
1.601212714287968963e-01
1.684762738800899828e-01
1.766696043675991257e-01
1.849242490863413635e-01
1.931691520168532239e-01
2.013073071693691207e-01
2.096479868918316725e-01
2.176716675799382772e-01
2.261609715938122378e-01
2.343827235390558705e-01
2.423562972588785003e-01
2.510125691207346077e-01
2.592695377407991941e-01
2.674337245225568149e-01
2.756701414719944232e-01
2.841821959860047486e-01
2.923342161845369214e-01
3.006659267803178937e-01
3.089042645932766340e-01
3.169705320495684875e-01
3.252905527704421651e-01
3.340249495190726892e-01
3.419103500386636019e-01
3.502441428080383945e-01
3.585162148770129620e-01
3.669304782998393799e-01
3.752122498058324540e-01
3.831169384143464085e-01
3.912815288832198757e-01
4.003744076258064499e-01
4.077985272260044036e-01
4.162247634864494894e-01
4.248660749378874169e-01
4.327923326774725243e-01
4.410174254336629573e-01
4.493181282027745027e-01
4.577767344758543189e-01
4.659849105915830902e-01
4.744961778270255781e-01
4.822738167819085042e-01
4.905196494227456738e-01
5.008004614077660177e-01
5.074465000058081543e-01
5.156923326466450463e-01
5.234699716015280835e-01
5.319812388369706824e-01
5.401894149526995648e-01
5.486480212257791589e-01
5.569487239948912594e-01
5.651738167510809152e-01
5.731000744906661337e-01
5.817413859421038946e-01
5.901676222025493690e-01
5.975917418027468786e-01
6.066846205453343410e-01
6.148492110142071976e-01
6.227517082426087258e-01
6.310334797486017999e-01
6.394477431714278293e-01
6.477198152404030074e-01
6.560536080097779665e-01
6.639390085293690458e-01
6.726734052779990147e-01
6.809934259988730254e-01
6.890596934551643793e-01
6.972980312681230641e-01
7.056297418639045915e-01
7.137817620624360426e-01
7.222938165764464236e-01
7.305302335258843094e-01
7.386944203076423188e-01
7.469513889277061836e-01
7.556076607895634289e-01
7.635333372012143016e-01
7.717550891464581841e-01
7.802443931603318950e-01
7.882680738484384442e-01
7.966613325708483684e-01
8.047994877233650701e-01
8.131418837563245683e-01
8.214407880129961370e-01
8.296341185005053909e-01
8.379891209517991157e-01
8.461839681946504710e-01
8.548803127851680728e-01
8.628511288588084360e-01
8.708895333961815810e-01
8.793198100913305337e-01
8.877041862566321662e-01
8.958387782591750170e-01
9.040872426403979700e-01
9.125842617554412728e-01
9.207460460089132992e-01
9.290712038708444087e-01
9.370035385137081008e-01
9.454016494735617560e-01
9.542204398456793912e-01
9.619589487270805428e-01
9.700165581680471050e-01
9.790952357435164233e-01
9.866653396411279031e-01
9.933620522028874245e-01
