7.891156462585033893e-01
5.170068027210884543e-01
3.696145124716556096e-01
2.806122448979591621e-01
2.226757369614510707e-01
1.818108195659215165e-01
1.551668286362163363e-01
1.349670171098740212e-01
1.198206555349412422e-01
1.075645442992382989e-01
9.767703951377415539e-02
8.939713247936525997e-02
8.178304899493366031e-02
7.643572884458704753e-02
7.098487264580004286e-02
6.626413511967493841e-02
6.229940250937662100e-02
5.882961530652185828e-02
5.537174633930502798e-02
5.267458665422952713e-02
5.038523639534361886e-02
4.801062734226130974e-02
4.653455927021701161e-02
4.440597250126286644e-02
4.255024626092181184e-02
4.120993548017617275e-02
3.961705642398141713e-02
3.810787638396129218e-02
3.701945432167093319e-02
3.604643080523876192e-02
3.475414381488255156e-02
3.369454252350861934e-02
3.266716867077382180e-02
3.172339831586663134e-02
3.075174348096801347e-02
2.987091988595136707e-02
2.903746225514444376e-02
2.831900057976067045e-02
2.770189513149706045e-02
2.701008518032473049e-02
2.632412341673014480e-02
2.582055822599275269e-02
2.515517127271716530e-02
2.465378289610185500e-02
2.408736500994723348e-02
2.352961391198731336e-02
2.304390175506533175e-02
2.256335514012416596e-02
2.207115142063281396e-02
2.163014389881838875e-02
2.122590241184925744e-02
2.082871804444553707e-02
2.040853530478569863e-02
2.003270127129683567e-02
1.962876155579316995e-02
1.929647140524973908e-02
1.894702805210638635e-02
1.863540143174223160e-02
1.831732707476611474e-02
1.801087878341088924e-02
1.768534803893732563e-02
1.741080555779080108e-02
1.714345972785040473e-02
1.682151753425611962e-02
1.660318459151800471e-02
1.635995954707205463e-02
1.611309978939175214e-02
1.586340718014192519e-02
1.563302218527837587e-02
1.540613520273284749e-02
1.519089274986190272e-02
1.498410273070150886e-02
1.476536008555935642e-02
1.456842611460819684e-02
1.445410835766959383e-02
1.424879745841590821e-02
1.407169683504914774e-02
1.389758618795042082e-02
1.371706492696900606e-02
1.354289750361532298e-02
1.337648677406267847e-02
1.321116378108194711e-02
1.304965346904216755e-02
1.289018490793753836e-02
1.272626559535778266e-02
1.259444852675892582e-02
1.244961279766391635e-02
1.230165807277776129e-02
1.216642940563202567e-02
1.202381782196706474e-02
1.188636298624604071e-02
1.176625742599069629e-02
1.163892459735859503e-02
1.150563890834035118e-02
1.138970067807849006e-02
1.127205400835690728e-02
1.115475222892582489e-02
1.103527530604140466e-02
1.092838555917114048e-02
1.081979741419298105e-02
1.071153525316986474e-02
1.060362558478036323e-02
1.050258371517450058e-02
1.040378369544373884e-02
1.029679768098437295e-02
1.019709222053026727e-02
1.010911651581639960e-02
1.001471617105673985e-02
9.916809359199552434e-03
9.829345798009810758e-03
9.742099101716583665e-03
9.655765143075771897e-03
9.564881124950994767e-03
9.482045296651963120e-03
9.399106376982713229e-03
9.317249293237250124e-03
9.240057198557751275e-03
9.161148522676314590e-03
9.131627450090627762e-03
9.052152802347215518e-03
9.019989907958962314e-03
8.948684253332062077e-03
8.875551172163794258e-03
8.801329765286265011e-03
8.739288343730203593e-03
8.680899944476247812e-03
