8.219178082191780366e-01
4.965753424657534110e-01
3.750000000000003331e-01
2.794520547945206213e-01
2.120678408349641608e-01
1.718444227005869185e-01
1.457137421178515690e-01
1.272139200221391320e-01
1.119998722738449609e-01
1.011685802781693566e-01
9.155778582148436928e-02
8.412962831778293682e-02
7.747363822685074397e-02
7.176729259355736634e-02
6.753418874267926031e-02
6.345914986182113471e-02
5.963173298952925694e-02
5.625409900150507569e-02
5.317084991167746189e-02
5.035426847532782635e-02
4.785107143812691172e-02
4.578188980910661426e-02
4.372602578523194367e-02
4.181123579666556206e-02
4.002230118986018631e-02
3.849259311975236630e-02
3.724731857117750261e-02
3.610063666785395808e-02
3.476680531113546246e-02
3.350322250803952628e-02
3.252296200679479637e-02
3.148042572122138061e-02
3.050491880546111687e-02
2.963030029839763824e-02
2.869970100497813703e-02
2.792549010504253443e-02
2.742020303811173315e-02
2.682968874100475146e-02
2.610704593551525440e-02
2.544355059773744515e-02
2.482530792951860230e-02
2.423272849619570457e-02
2.365674329282833541e-02
2.309920843886176592e-02
2.259781976681519283e-02
2.208243727263907441e-02
2.161396656975190025e-02
2.117015047100506350e-02
2.072572106243330062e-02
2.031718955508053995e-02
1.989485736439754182e-02
1.952452837463570720e-02
1.913751685677972381e-02
1.878830353338152223e-02
1.844245652886399717e-02
1.810560211438500683e-02
1.778043586290747879e-02
1.746218186698536914e-02
1.712798067723110551e-02
1.690075992436721602e-02
1.660385502012015624e-02
1.633888530459786520e-02
1.607318725357991668e-02
1.582009470666099343e-02
1.557262136672174849e-02
1.533328161665853048e-02
1.511167761236286745e-02
1.487747907805868700e-02
1.465855974374862328e-02
1.445110150483505315e-02
1.425069253903869272e-02
1.405479439851243205e-02
1.384723723893546872e-02
1.367172006662826372e-02
1.348311263929088781e-02
1.330343908672452016e-02
1.312560508315010685e-02
1.296469587807925171e-02
1.286625425377127020e-02
1.269935170643550840e-02
1.253894884725963860e-02
1.238644921126007270e-02
1.224266593814887089e-02
1.208547374604624497e-02
1.194287380397425317e-02
1.180737229247160944e-02
1.166925784563665504e-02
1.153303246962568418e-02
1.140667500972162955e-02
1.127688056003350175e-02
1.115369019689222210e-02
1.103308152354215074e-02
1.091349177883353151e-02
1.079600360457884899e-02
1.073351551975972214e-02
1.062016622729420809e-02
1.051508509052734297e-02
1.040930941651955696e-02
1.029998668304143473e-02
1.019571992561661873e-02
1.009282307760886802e-02
9.997544862222280254e-03
9.898721683922657305e-03
9.803467233168850284e-03
9.707777394654192038e-03
9.615673739410806817e-03
9.525650473225824935e-03
9.439030774755574962e-03
9.349236069225131188e-03
9.262333124543355861e-03
9.181004245411471948e-03
9.100717484756548625e-03
9.016628454485123637e-03
8.934330229760797937e-03
8.855437379488477825e-03
8.795214434652001007e-03
