7.762237762237762517e-01
5.104895104895105229e-01
3.799533799533804657e-01
2.898601398601398094e-01
2.212121212121212210e-01
1.856893106893105772e-01
1.584804084804083968e-01
1.363071272162179881e-01
1.202832521014340211e-01
1.079739607711637239e-01
9.753195522426284791e-02
8.896501311659671396e-02
8.242291896138041751e-02
7.634226798313475948e-02
7.143205092121486521e-02
6.691809569139191283e-02
6.273913969033825810e-02
5.913062278170858055e-02
5.602505439882027316e-02
5.334281254024184765e-02
5.107648560553228884e-02
4.862416021313392678e-02
4.653732346415650339e-02
4.472965920768826736e-02
4.333592417268960356e-02
4.170188207784367856e-02
4.034187292333885760e-02
3.889448048699143540e-02
3.746700807345861722e-02
3.622776796797413240e-02
3.508554720444746061e-02
3.390360041179405620e-02
3.285095936858740961e-02
3.188865981630538415e-02
3.096321789057830329e-02
3.007099411642181336e-02
2.925303039417500098e-02
2.846479435751983131e-02
2.772035153421461770e-02
2.703758230881595642e-02
2.638734237031314933e-02
2.568667056805251300e-02
2.511235873615196360e-02
2.453995560677190574e-02
2.399174562447623296e-02
2.344620958886425161e-02
2.293879893777613782e-02
2.259180957275158663e-02
2.212707533150976361e-02
2.165110331495706184e-02
2.125033125485250793e-02
2.082978637432839064e-02
2.042333308121302773e-02
2.005148303187632985e-02
1.969485304712658910e-02
1.932502687528096785e-02
1.897231725836787466e-02
1.865522218773695354e-02
1.832545785650681325e-02
1.802878486337645275e-02
1.773817094407547854e-02
1.737434732735242127e-02
1.724614555755575943e-02
1.698173752158062266e-02
1.672826734517707942e-02
1.646303414661793099e-02
1.622520048124590289e-02
1.597752641852766969e-02
1.573478224724216695e-02
1.551567219525596016e-02
1.530147599990705140e-02
1.508248407732019555e-02
1.486964769933036765e-02
1.468064165018184881e-02
1.447105582497616033e-02
1.428011819444763124e-02
1.417645988577376746e-02
1.399214063686582236e-02
1.380838215811928255e-02
1.363545106311418037e-02
1.346735662068927579e-02
1.330994592365458869e-02
1.313280784028470274e-02
1.298029114922581544e-02
1.283077800761540932e-02
1.267958093497128548e-02
1.253197175298590739e-02
1.238959278834239966e-02
1.224638426119991838e-02
1.210995502685458317e-02
1.197862636037008537e-02
1.184704351563420008e-02
1.171131079195882572e-02
1.165342018162520386e-02
1.153257154066113926e-02
1.140707546607518282e-02
1.129069729321792795e-02
1.117368600906857787e-02
1.106479676722364053e-02
1.095052031624758199e-02
1.083897316959967286e-02
1.073632247717781762e-02
1.062881722762192178e-02
1.052673293179270768e-02
1.042254334940327480e-02
1.032731948234463272e-02
1.023061527487545246e-02
1.013354393995811661e-02
1.004161428039994190e-02
9.950268614625550068e-03
9.861138167671493204e-03
9.769702661943369809e-03
9.682917815065398073e-03
9.596782309861150509e-03
9.516293482990517694e-03
9.434244085949696629e-03
9.348169883426149865e-03
9.271898032662788045e-03
9.195769285091649412e-03
9.111189645891887290e-03
9.043105489327742455e-03
8.982254363214167356e-03
