7.891156462585033893e-01
4.863945578231292366e-01
3.605442176870752857e-01
2.585034013605442271e-01
1.984450923226433461e-01
1.651279559442823675e-01
1.398013173523376673e-01
1.213100391671819017e-01
1.080403723260866949e-01
9.794253365681941659e-02
8.969817031041513178e-02
8.307628301625891165e-02
7.715627540136282825e-02
7.167628538466337684e-02
6.692330421953841812e-02
6.285831826068506711e-02
5.911655596425155479e-02
5.558386186828416509e-02
5.283864381779982550e-02
5.008647893450394323e-02
4.768105145870345229e-02
4.539521252468515372e-02
4.345969942125366831e-02
4.172523090105525329e-02
4.009752456495929707e-02
3.857042396236361886e-02
3.733502693382252657e-02
3.595732010350823071e-02
3.465272531164027142e-02
3.349163841866885372e-02
3.236609713281278500e-02
3.137948454882524829e-02
3.039553472004277029e-02
2.950893338401497715e-02
2.859828477202309288e-02
2.779449623083082854e-02
2.708302949765225426e-02
2.633486954605398361e-02
2.563560078659321215e-02
2.499782539803113712e-02
2.434792591530342276e-02
2.378598738430888829e-02
2.333226681826258350e-02
2.281704692288836003e-02
2.242619428920667943e-02
2.194194600447113216e-02
2.146698211405541692e-02
2.098039190035476745e-02
2.056382430719409099e-02
2.015544709418285244e-02
1.975095222000773643e-02
1.945610781871891237e-02
1.910988540304415714e-02
1.882877512638012410e-02
1.849601529825054338e-02
1.814211515391524546e-02
1.782992288328137664e-02
1.751785351673430108e-02
1.720979314126704074e-02
1.696137178893669314e-02
1.662301768736726068e-02
1.639120983848591992e-02
1.612129190423043298e-02
1.585575013415359627e-02
1.562640487587014376e-02
1.537310303395864226e-02
1.515053042272777872e-02
1.491498302141208709e-02
1.469052452203644353e-02
1.449445605783738177e-02
1.427865855436442726e-02
1.416936282759598612e-02
1.398168330486391012e-02
1.377776341382399780e-02
1.359113046413491094e-02
1.341509735592921228e-02
1.323846018958331136e-02
1.306717846218687779e-02
1.290243442535352753e-02
1.274773835078683165e-02
1.258029332313134567e-02
1.242961569900508795e-02
1.234199708561626620e-02
1.218796851729334225e-02
1.204793755038081546e-02
1.190015500671685877e-02
1.176698014819198626e-02
1.163544384400156187e-02
1.150121451753371125e-02
1.137874379501968743e-02
1.125044878112433332e-02
1.112423971528598253e-02
1.100417984549179398e-02
1.088547907247544924e-02
1.077179231434870904e-02
1.066330613048641247e-02
1.054461262284592769e-02
1.044306869490840665e-02
1.033729483884936531e-02
1.023506358709033032e-02
1.012542103348102775e-02
1.002463042885256596e-02
9.926574728047915866e-03
9.835323548042455150e-03
9.743802150777821844e-03
9.645459586782983638e-03
9.556029335823241350e-03
9.471711777763364842e-03
9.382497230540699437e-03
9.357545601599766630e-03
9.269959547391381713e-03
9.188650159430690467e-03
9.106749294687891197e-03
9.028371727359577395e-03
8.948698596096789706e-03
8.871353093579736199e-03
8.850485781942224461e-03
8.776260313040403632e-03
8.716459858705258995e-03
