8.666666666666666963e-01
5.166666666666667185e-01
3.644444444444449593e-01
2.823333333333332695e-01
2.202222222222219861e-01
1.811111111111111949e-01
1.575793650793649303e-01
1.365370370370368736e-01
1.198787878787877514e-01
1.081647241647242658e-01
9.914807414807422226e-02
9.027380952380943679e-02
8.364350355526815883e-02
7.773054777466531506e-02
7.240998738676744650e-02
6.753574295215153400e-02
6.390670079834157025e-02
6.040014892303215838e-02
5.709251323301665904e-02
5.399309048439486503e-02
5.150405236202343362e-02
4.909204419509270723e-02
4.683969785165316424e-02
4.485496830240989080e-02
4.319855992961291885e-02
4.149989316783025961e-02
4.006157500790149401e-02
3.870391642729366366e-02
3.753471577141792581e-02
3.627243092976385752e-02
3.502022730141293727e-02
3.392053046195951660e-02
3.281891540822979431e-02
3.184648752802944627e-02
3.098416669582522431e-02
3.012916487366405077e-02
2.930547245434133100e-02
2.849514688560443945e-02
2.775957708734361901e-02
2.705072761567405351e-02
2.640204751782776471e-02
2.587265643189788633e-02
2.527892182088423839e-02
2.471018995309787539e-02
2.408400438741956778e-02
2.361190797853865778e-02
2.309714023909990172e-02
2.260196414791144914e-02
2.214999578728226934e-02
2.171854522616536304e-02
2.125093778546329609e-02
2.084055940547527297e-02
2.046932283694569490e-02
2.007050252583271813e-02
1.969137216676250871e-02
1.933883848843009207e-02
1.900970613111557100e-02
1.866037967925356436e-02
1.836482116937117673e-02
1.803796661711890015e-02
1.774788778908319500e-02
1.745565120759279623e-02
1.718156830022997059e-02
1.690863167910836018e-02
1.671619861397444229e-02
1.649537323312534262e-02
1.620337129710567453e-02
1.599586656417197744e-02
1.582789882630701236e-02
1.568003405057576127e-02
1.546235087641235559e-02
1.524314760592103239e-02
1.503811190025620276e-02
1.482220738970556340e-02
1.463739183835756179e-02
1.443244428764081655e-02
1.425148337745663768e-02
1.406919824712449078e-02
1.388440728388365755e-02
1.370230868720485710e-02
1.354286245746710166e-02
1.345208385087791683e-02
1.327567791471824694e-02
1.312299780783926506e-02
1.297152184947101931e-02
1.281703414097883423e-02
1.266746593134225260e-02
1.253841764646671832e-02
1.237932409337259669e-02
1.224399123502069135e-02
1.211132976740935709e-02
1.197353580617981951e-02
1.184841065603031360e-02
1.172120946579057084e-02
1.159802877074470225e-02
1.147185969541007072e-02
1.135336458986378229e-02
1.123985384517176174e-02
1.113355688825733679e-02
1.102232684972597257e-02
1.090615986905975159e-02
1.079979029375055001e-02
1.068903542221285273e-02
1.058678595670719223e-02
1.048524070730543108e-02
1.037987638106806741e-02
1.029104520748993015e-02
1.019533731758875093e-02
1.009937444345007478e-02
1.000727943393977387e-02
9.914729005895546801e-03
9.825335726971917705e-03
9.743162920386483697e-03
9.651916621128615523e-03
9.567108300283181516e-03
9.488384234264150494e-03
9.410216839935947944e-03
9.326033027698136385e-03
9.243087041469325027e-03
9.170316244507174461e-03
9.095185055811345551e-03
9.018253915283708580e-03
8.942854290480306556e-03
8.873827308126263150e-03
8.800465907223857173e-03
8.731266670253824344e-03
8.664244801968172191e-03
8.594700442387786382e-03
8.527950715773498919e-03
8.470572507383648114e-03
8.414609472046854707e-03
