8.108108108108108558e-01
5.067567567567567988e-01
3.671171171171177527e-01
2.753378378378379399e-01
2.191441441441440152e-01
1.808638996138996480e-01
1.517052767052766149e-01
1.351351351351350594e-01
1.191339066339065500e-01
1.084207459207459784e-01
9.783223533223535384e-02
8.971358033858026215e-02
8.256781142810544483e-02
7.678381748621677938e-02
7.176677451445244438e-02
6.763810760521279941e-02
6.360561376714279902e-02
6.004457583977029084e-02
5.695841755910405896e-02
5.394742623003495607e-02
5.136874388935860902e-02
4.888584322242496560e-02
4.697940074806582905e-02
4.519809163475734665e-02
4.334320187429031856e-02
4.171910765940893551e-02
4.012672565241736516e-02
3.885558155087562998e-02
3.748244196094695224e-02
3.621886984304854146e-02
3.506953122728927869e-02
3.393894844628885660e-02
3.278271876028486520e-02
3.191006169623408079e-02
3.091876939507200162e-02
3.007531412415596905e-02
2.926205666422469071e-02
2.848327924776605097e-02
2.772852578192025463e-02
2.704675207920409497e-02
2.637564691918352702e-02
2.571201372721184514e-02
2.513124679786512758e-02
2.449132336723421760e-02
2.399263095009363314e-02
2.348677840214217355e-02
2.296942357440915142e-02
2.247723067837904126e-02
2.198747362677105563e-02
2.158174642347107999e-02
2.115958281367230631e-02
2.084631578531769003e-02
2.043731317822137378e-02
2.006041312403997190e-02
1.967275253375703678e-02
1.930722252678050005e-02
1.898172177780540343e-02
1.864238950738776601e-02
1.833357589599445003e-02
1.803793396964566836e-02
1.773614815582887430e-02
1.744014197294913027e-02
1.714659068466005409e-02
1.689364650514128124e-02
1.658048093581543023e-02
1.636446716948447566e-02
1.613399868047424995e-02
1.588251273838624592e-02
1.564377057608344265e-02
1.541709789631538936e-02
1.520751595382312596e-02
1.500142773378970555e-02
1.478240831982818339e-02
1.467285275310298460e-02
1.454090357362558018e-02
1.433859345696454450e-02
1.415347956547832742e-02
1.396678138073417091e-02
1.378755497726787127e-02
1.361701657549396240e-02
1.345109192503733848e-02
1.328835626943899485e-02
1.312450363680458913e-02
1.296356537502858265e-02
1.288079102131272670e-02
1.274513177041945895e-02
1.258149187105949730e-02
1.244299268426800505e-02
1.229268684059287194e-02
1.215954392919957154e-02
1.202810416056174052e-02
1.201069581371350461e-02
1.188047807414345167e-02
1.175547521554313503e-02
1.163471239303490688e-02
1.150519148555272965e-02
1.137326716770733874e-02
1.126854948733152853e-02
1.115337297982700593e-02
1.104447292965959719e-02
1.093516025871583801e-02
1.082705561889946676e-02
1.072076233199961877e-02
1.061613305996019808e-02
1.051642188902188711e-02
1.041923061059402654e-02
1.031839537230664489e-02
1.022209630266165785e-02
1.012464770360087772e-02
1.003502912307052165e-02
9.941815980431725069e-03
9.856118338195052342e-03
9.765019797583155553e-03
9.679312966161247173e-03
9.596401003950634154e-03
9.511628083090173033e-03
9.434662702038540058e-03
9.355403301742740152e-03
9.270904598136212385e-03
9.192597125538163466e-03
9.117826313714629677e-03
9.044723156228904118e-03
8.973629391563616928e-03
8.896052382924485302e-03
8.824346862278561326e-03
8.756777804507242385e-03
8.694086853232757192e-03
8.635853419607375514e-03
