7.535211267605633756e-01
5.140845070422535024e-01
3.632629107981224514e-01
2.683098591549296086e-01
2.110999329309188877e-01
1.701039570757879038e-01
1.470685222445784757e-01
1.280925451700098694e-01
1.134596233187783187e-01
1.020487728234207303e-01
9.145429101415006312e-02
8.375226851303892162e-02
7.755694649226889392e-02
7.223283370674674075e-02
6.722626074488011194e-02
6.275166367608375761e-02
5.901148905011762563e-02
5.645962567458367304e-02
5.449594688427000094e-02
5.165849202153235953e-02
4.921663802437637597e-02
4.726164939477706800e-02
4.517367973434526646e-02
4.324408085670364971e-02
4.138005097822536338e-02
4.002534761602321439e-02
3.850757947249224683e-02
3.711353099248827780e-02
3.595576389591259581e-02
3.490355758827128757e-02
3.374851701491502626e-02
3.271534046634074627e-02
3.174280405973987224e-02
3.075775987500957431e-02
2.980553485789203677e-02
2.901211855967161107e-02
2.834936749909384296e-02
2.759239389615506660e-02
2.689755316160272539e-02
2.619786382362909727e-02
2.550960234607851582e-02
2.493060583258559920e-02
2.434337376660957591e-02
2.376879421897377248e-02
2.324482201300941825e-02
2.272743956044637192e-02
2.223941285520178099e-02
2.177232493749890752e-02
2.132179974804831318e-02
2.088820770196468668e-02
2.046975548692631444e-02
2.007039481090661798e-02
1.970221160052060272e-02
1.931868743185387316e-02
1.898490379504898587e-02
1.860745051550720397e-02
1.829182222947298847e-02
1.810045075300859355e-02
1.777052480612403840e-02
1.750604990517886511e-02
1.716155799289234216e-02
1.691485163568572439e-02
1.662636732353136443e-02
1.637050517675415345e-02
1.613641913477371903e-02
1.586488379201557095e-02
1.564045271140954846e-02
1.539947490241535752e-02
1.516781228403776827e-02
1.496377802923398379e-02
1.474053439926492452e-02
1.454076629695423908e-02
1.433978526151518176e-02
1.414535765752241055e-02
1.395607690589956325e-02
1.385010861966202815e-02
1.367286615165564691e-02
1.348491217180202220e-02
1.331962026409485786e-02
1.316205341060280518e-02
1.298757723109934467e-02
1.282446859360153631e-02
1.267423657920572003e-02
1.252272527165321052e-02
1.236797199381244050e-02
1.228940495703382055e-02
1.214705390845585362e-02
1.200376454488712337e-02
1.187309366935847960e-02
1.174537514294627868e-02
1.161507827672099771e-02
1.147994354355044364e-02
1.135846919338630127e-02
1.123714902273207673e-02
1.111795071989757529e-02
1.100734724123030375e-02
1.088745785544525946e-02
1.077580773867877102e-02
1.066307260659640418e-02
1.056304975584667662e-02
1.045187306785358948e-02
1.034801415774600983e-02
1.024696060459119075e-02
1.015095660655553934e-02
1.005662593519829513e-02
9.954618745324652837e-03
9.864667536991004321e-03
9.774287106361394944e-03
9.684797169147418491e-03
9.599288683314824086e-03
9.505526767795986764e-03
9.421559158564124861e-03
9.334340472384966211e-03
9.255206731341352258e-03
9.179544366506538211e-03
9.093604966860605390e-03
9.013225569697474668e-03
8.936488882980793760e-03
8.877254555679944120e-03
