7.531645569620253333e-01
5.000000000000000000e-01
3.122362869198313517e-01
2.176160337552740243e-01
1.705244122965641207e-01
1.394916616435602497e-01
1.180311249931502021e-01
1.021440057832463805e-01
9.036652517665173800e-02
8.085369272078120340e-02
7.358507040655204445e-02
6.779719604919459686e-02
6.265137595549662153e-02
5.782589998920196345e-02
5.383743763019894352e-02
5.048823591711672221e-02
4.762563229363712264e-02
4.508807456177123252e-02
4.308202639654443861e-02
4.083456886396796132e-02
3.930841389469610925e-02
3.742264201341855695e-02
3.578610931082321783e-02
3.425930070758872320e-02
3.299206713695001375e-02
3.166539805035829824e-02
3.065358794112963900e-02
2.973920364606547073e-02
2.859419949414510401e-02
2.771093174524469696e-02
2.676458110039533350e-02
2.589723324187906059e-02
2.511082637393244679e-02
2.436079818611264561e-02
2.356903360662018429e-02
2.296594879137706102e-02
2.233866988365725004e-02
2.175980434530159699e-02
2.117934272581121352e-02
2.063403614162809610e-02
2.012603422390409416e-02
1.964304768450004374e-02
1.927179418875038172e-02
1.884577657061325962e-02
1.841766495847804372e-02
1.800134848217033526e-02
1.763103574928827702e-02
1.723236218745232903e-02
1.688807868539648344e-02
1.655076953286065133e-02
1.620762173033816339e-02
1.594150561877712147e-02
1.570159924524972342e-02
1.539939220360759392e-02
1.511192459738514710e-02
1.485646181052803494e-02
1.456814759574584853e-02
1.432886899371321396e-02
1.407400971642948188e-02
1.384025679217575598e-02
1.361381781683590822e-02
1.339038705404413908e-02
1.317268211844057832e-02
1.296888477145554351e-02
1.276233931949139790e-02
1.256647855501852144e-02
1.237809202877279170e-02
1.220087965499884811e-02
1.199908326800476661e-02
1.184263179636227924e-02
1.167308727734692360e-02
1.151617033001409857e-02
1.134948142997252267e-02
1.119380140889031372e-02
1.105461487700397719e-02
1.089586766481276912e-02
1.075836339276165649e-02
1.062516058577457970e-02
1.048193972894723852e-02
1.035159659562215513e-02
1.022080624828849461e-02
1.009936878284220171e-02
9.972226282735460745e-03
9.856620353551477989e-03
9.734772503442155195e-03
9.619833808835780847e-03
9.506911199746023375e-03
9.408253973455581870e-03
9.297468400794824117e-03
9.195471643512000831e-03
9.088644958897900208e-03
8.991753423298139494e-03
8.892678575403064820e-03
8.799674552015020884e-03
8.702038145066731678e-03
8.616037320688248527e-03
8.523173643593551924e-03
8.439281337928140198e-03
8.348172479808782173e-03
8.270005859367697207e-03
8.180392373458737765e-03
8.106354257008455827e-03
