8.223684210526315264e-01
4.967105263157894912e-01
3.432017543859653408e-01
2.555921052631578982e-01
1.970864661654135042e-01
1.648652882205512704e-01
1.401602965747701657e-01
1.237855528973948599e-01
1.084723755776387799e-01
9.758552850658118449e-02
8.800360823387132214e-02
8.012295420867393547e-02
7.437617701921303559e-02
6.906297606761992169e-02
6.441938696963889210e-02
5.994588095741066464e-02
5.638318150748979074e-02
5.330354993564076493e-02
5.057141976934682176e-02
4.794267460924319518e-02
4.557476975414970904e-02
4.381486896749713089e-02
4.181639253575800130e-02
4.006739449955452892e-02
3.849691991184162054e-02
3.708301880260553296e-02
3.589317685604348496e-02
3.459915776125015163e-02
3.374115612892800847e-02
3.262359790226063844e-02
3.161906559770074482e-02
3.068986210705668127e-02
2.974742235891299907e-02
2.881038259515596167e-02
2.800812199439000824e-02
2.723033156513874828e-02
2.644498359323725969e-02
2.575963401890962387e-02
2.511355873395447469e-02
2.441809602401681309e-02
2.394635141068438694e-02
2.344115200240829214e-02
2.287005449046389249e-02
2.233158511651316819e-02
2.182449419893545128e-02
2.146390902330906972e-02
2.100571855595621817e-02
2.055051688839725638e-02
2.011521048441598444e-02
1.973778599183543744e-02
1.932606950757875461e-02
1.895599054941899536e-02
1.869719101539691480e-02
1.833944676609298996e-02
1.802092204040603787e-02
1.769078548755074684e-02
1.736008554269954235e-02
1.706583964314152893e-02
1.678950703586393201e-02
1.649219825846491919e-02
1.617480715534424726e-02
1.596320655963737178e-02
1.569273067196148494e-02
1.546015131870033012e-02
1.521657837254433189e-02
1.497288648127186039e-02
1.474623627916914377e-02
1.454513484940792543e-02
1.440119085725937755e-02
1.420060227112788370e-02
1.399187947326762695e-02
1.379570084780255834e-02
1.359803215130642000e-02
1.342844024984048146e-02
1.324232049362639684e-02
1.305466972029884105e-02
1.289676506920881330e-02
1.273233435248711382e-02
1.256285858794738662e-02
1.240216197383062734e-02
1.223701973648634589e-02
1.211285866932361455e-02
1.195228864435353075e-02
1.181384982049521470e-02
1.167274610683175645e-02
1.153178742095897248e-02
1.140288137973510633e-02
1.127843486702118959e-02
1.113878184579633959e-02
1.102043654900100242e-02
1.088728123722621823e-02
1.077628291718948049e-02
1.066062964229990730e-02
1.054653756796792782e-02
1.043576667801949208e-02
1.032477082879453521e-02
1.021609451510741007e-02
1.016830132846443212e-02
1.006749514433799737e-02
9.964713276935297653e-03
9.862915467938312974e-03
9.771571044606793682e-03
9.673479607410778378e-03
9.577329856642056646e-03
9.538313133093868912e-03
9.446524710983327314e-03
9.360067908542551648e-03
9.274560642786359999e-03
9.188438684103596849e-03
9.106877631180338231e-03
9.018200894014574698e-03
8.939640586250690787e-03
8.860583227094657316e-03
8.781278522232191519e-03
8.706174227384972514e-03
8.631361731216632971e-03
8.555558100082020362e-03
8.478086283911744070e-03
8.411315531905235940e-03
8.354625468755719209e-03
