7.816901408450703803e-01
5.316901408450703803e-01
3.802816901408450634e-01
2.996478873239436513e-01
2.349765258215960606e-01
1.935362173038228661e-01
1.650039123630671900e-01
1.418960734101577803e-01
1.256971119647175006e-01
1.140188450047606022e-01
1.026179219841191342e-01
9.367132280864663707e-02
8.667974412589152244e-02
8.065003367296996739e-02
7.499604178216864869e-02
7.098746747615181096e-02
6.726941787809069540e-02
6.373916278104560518e-02
6.044838456737770122e-02
5.757710548280058072e-02
5.471038223186800581e-02
5.213330281689899925e-02
4.983789927917775531e-02
4.774391263621274167e-02
4.600926791510220881e-02
4.426810263158791059e-02
4.247128218961371965e-02
4.092185854743011358e-02
3.952575418148947944e-02
3.817877925849616494e-02
3.693974291586177294e-02
3.572565151491408769e-02
3.456293807933025208e-02
3.359335412108660490e-02
3.263163859797652694e-02
3.172043178576972738e-02
3.083762564454526831e-02
3.000408587429812673e-02
2.925336652441675941e-02
2.852799556853613180e-02
2.782502906519645353e-02
2.709973005247736516e-02
2.652426451096196250e-02
2.585068705330109337e-02
2.528395741884997133e-02
2.473795229208261212e-02
2.419127637509231252e-02
2.367794376350299337e-02
2.320442109605772713e-02
2.272998890129630453e-02
2.229515933665228780e-02
2.181538575456464304e-02
2.141558274805160922e-02
2.101252718869564898e-02
2.073906679148815671e-02
2.037389640718031622e-02
2.000532156735370867e-02
1.975867893232792841e-02
1.941627975736057166e-02
1.908980786714563338e-02
1.878239687080948336e-02
1.846749740802871090e-02
1.817490555782790354e-02
1.792967868813947346e-02
1.757714424966297720e-02
1.734772661261540019e-02
1.708934739429601724e-02
1.682825486680034760e-02
1.658891175574572427e-02
1.635000345978968386e-02
1.611488739632220210e-02
1.589193428112343001e-02
1.566810942384824074e-02
1.545998147686893434e-02
1.525475700928884126e-02
1.505084582495823387e-02
1.486163666190617148e-02
1.464958866850246851e-02
1.446980033999316177e-02
1.428460545791029705e-02
1.411290918691191290e-02
1.393877677050519605e-02
1.376563115238839743e-02
1.360343604341728192e-02
1.344598013219702390e-02
1.327288848533290412e-02
1.313432111785638526e-02
1.297246618240130260e-02
1.282621321628484024e-02
1.268644886776913033e-02
1.255131537140243350e-02
1.241267818319551595e-02
1.227681366945652247e-02
1.214652384672089934e-02
1.201945165097599404e-02
1.190136297636507599e-02
1.177110359776398218e-02
1.170674729888469476e-02
1.158818447120074993e-02
1.147162342510150285e-02
1.136111802955325212e-02
1.124885277199760142e-02
1.113140434597068885e-02
1.102737918939328786e-02
1.091951499428165523e-02
1.081759758622002042e-02
1.071704274119949021e-02
1.061680506533744552e-02
1.051683601931347259e-02
1.041931594000711746e-02
1.033005664902952696e-02
1.023765620470702513e-02
1.014583910626165424e-02
1.005587969144767189e-02
9.967567862805757489e-03
9.881102287417368665e-03
9.797659769420399151e-03
9.714200056012962589e-03
9.628727863944473372e-03
9.550658958468124377e-03
9.473882012211262693e-03
9.393139423655829170e-03
9.316658612864861522e-03
9.239066031870480852e-03
9.165641724229789400e-03
9.102442072670075338e-03
9.041301026299694912e-03
