6.921768707482992555e-01
7.845804988662131718e-01
8.321995464852608437e-01
8.356009070294785346e-01
8.424036281179139163e-01
8.594104308390023705e-01
8.616780045351474238e-01
8.684807256235828055e-01
8.752834467120182982e-01
8.888888888888890616e-01
9.024943310657597140e-01
9.195011337868481682e-01
9.263038548752835499e-01
9.263038548752835499e-01
9.331065759637189316e-01
9.399092970521543133e-01
9.399092970521543133e-01
9.399092970521543133e-01
9.399092970521543133e-01
9.399092970521543133e-01
9.467120181405896950e-01
9.467120181405896950e-01
9.467120181405896950e-01
9.467120181405896950e-01
9.489795918367347483e-01
9.489795918367347483e-01
9.557823129251700189e-01
9.557823129251700189e-01
9.557823129251700189e-01
9.557823129251700189e-01
9.557823129251700189e-01
9.557823129251700189e-01
9.557823129251700189e-01
9.557823129251700189e-01
9.557823129251700189e-01
9.557823129251700189e-01
9.557823129251700189e-01
9.557823129251700189e-01
9.557823129251700189e-01
9.557823129251700189e-01
9.557823129251700189e-01
9.557823129251700189e-01
9.591836734693877098e-01
9.591836734693877098e-01
9.659863945578230915e-01
9.659863945578230915e-01
9.659863945578230915e-01
9.659863945578230915e-01
9.659863945578230915e-01
9.659863945578230915e-01
9.659863945578230915e-01
9.727891156462584732e-01
9.727891156462584732e-01
9.795918367346938549e-01
9.795918367346938549e-01
9.795918367346938549e-01
9.795918367346938549e-01
9.795918367346938549e-01
9.795918367346938549e-01
9.795918367346938549e-01
9.795918367346938549e-01
9.795918367346938549e-01
9.795918367346938549e-01
9.795918367346938549e-01
9.795918367346938549e-01
9.795918367346938549e-01
9.795918367346938549e-01
9.795918367346938549e-01
9.795918367346938549e-01
9.795918367346938549e-01
9.795918367346938549e-01
9.863945578231292366e-01
9.863945578231292366e-01
9.863945578231292366e-01
9.863945578231292366e-01
9.863945578231292366e-01
9.863945578231292366e-01
9.863945578231292366e-01
9.863945578231292366e-01
9.863945578231292366e-01
9.863945578231292366e-01
9.863945578231292366e-01
9.931972789115646183e-01
9.931972789115646183e-01
9.931972789115646183e-01
9.931972789115646183e-01
9.931972789115646183e-01
9.931972789115646183e-01
9.931972789115646183e-01
9.931972789115646183e-01
9.931972789115646183e-01
9.931972789115646183e-01
9.931972789115646183e-01
9.931972789115646183e-01
9.931972789115646183e-01
9.931972789115646183e-01
9.931972789115646183e-01
9.931972789115646183e-01
9.931972789115646183e-01
9.931972789115646183e-01
9.931972789115646183e-01
9.931972789115646183e-01
9.931972789115646183e-01
9.931972789115646183e-01
9.931972789115646183e-01
9.931972789115646183e-01
9.931972789115646183e-01
9.931972789115646183e-01
9.931972789115646183e-01
9.965986394557823091e-01
9.965986394557823091e-01
9.965986394557823091e-01
9.965986394557823091e-01
9.965986394557823091e-01
9.965986394557823091e-01
9.965986394557823091e-01
1.000000000000000000e+00
1.000000000000000000e+00
1.000000000000000000e+00
