7.239035087719297712e-01
8.178728070175440568e-01
8.328947368421052433e-01
8.555921052631579871e-01
8.700657894736841813e-01
8.947368421052631637e-01
9.013157894736841813e-01
9.144736842105263275e-01
9.210526315789473450e-01
9.210526315789473450e-01
9.210526315789473450e-01
9.210526315789473450e-01
9.342105263157894912e-01
9.342105263157894912e-01
9.342105263157894912e-01
9.342105263157894912e-01
9.342105263157894912e-01
9.342105263157894912e-01
9.375000000000000000e-01
9.375000000000000000e-01
9.375000000000000000e-01
9.440789473684210176e-01
9.440789473684210176e-01
9.440789473684210176e-01
9.506578947368421462e-01
9.506578947368421462e-01
9.572368421052631637e-01
9.572368421052631637e-01
9.703947368421053099e-01
9.703947368421053099e-01
9.769736842105263275e-01
9.769736842105263275e-01
9.769736842105263275e-01
9.769736842105263275e-01
9.769736842105263275e-01
9.769736842105263275e-01
9.769736842105263275e-01
9.769736842105263275e-01
9.769736842105263275e-01
9.769736842105263275e-01
9.835526315789473450e-01
9.835526315789473450e-01
9.835526315789473450e-01
9.835526315789473450e-01
9.835526315789473450e-01
9.868421052631578538e-01
9.868421052631578538e-01
9.868421052631578538e-01
9.868421052631578538e-01
9.868421052631578538e-01
9.868421052631578538e-01
9.868421052631578538e-01
9.901315789473684736e-01
9.901315789473684736e-01
9.901315789473684736e-01
9.901315789473684736e-01
9.901315789473684736e-01
9.901315789473684736e-01
9.901315789473684736e-01
9.901315789473684736e-01
9.901315789473684736e-01
9.901315789473684736e-01
9.901315789473684736e-01
9.901315789473684736e-01
9.901315789473684736e-01
9.901315789473684736e-01
9.901315789473684736e-01
9.901315789473684736e-01
9.967105263157894912e-01
9.967105263157894912e-01
9.967105263157894912e-01
9.967105263157894912e-01
9.967105263157894912e-01
9.967105263157894912e-01
9.967105263157894912e-01
9.967105263157894912e-01
9.967105263157894912e-01
9.967105263157894912e-01
9.967105263157894912e-01
9.967105263157894912e-01
9.967105263157894912e-01
9.967105263157894912e-01
9.967105263157894912e-01
9.967105263157894912e-01
9.967105263157894912e-01
9.967105263157894912e-01
9.967105263157894912e-01
9.967105263157894912e-01
9.967105263157894912e-01
9.967105263157894912e-01
9.967105263157894912e-01
9.967105263157894912e-01
9.967105263157894912e-01
9.967105263157894912e-01
9.967105263157894912e-01
9.967105263157894912e-01
9.967105263157894912e-01
9.983552631578946901e-01
9.983552631578946901e-01
9.983552631578946901e-01
9.983552631578946901e-01
9.983552631578946901e-01
9.983552631578946901e-01
9.983552631578946901e-01
1.000000000000000000e+00
1.000000000000000000e+00
1.000000000000000000e+00
1.000000000000000000e+00
1.000000000000000000e+00
1.000000000000000000e+00
1.000000000000000000e+00
1.000000000000000000e+00
1.000000000000000000e+00
1.000000000000000000e+00
1.000000000000000000e+00
1.000000000000000000e+00
1.000000000000000000e+00
1.000000000000000000e+00
1.000000000000000000e+00
1.000000000000000000e+00
