7.964594600057728346e-01
5.076374811126018738e-01
3.615656313918438336e-01
2.707264897581639906e-01
2.030063139270683048e-01
1.626577979058004275e-01
1.321775394254010028e-01
1.164144011141676482e-01
1.015649599997114627e-01
9.021553484753665197e-02
8.283053256831021671e-02
7.569820685625661127e-02
6.855744363896593141e-02
6.349151822704043879e-02
5.975604565545872271e-02
5.579916341290207249e-02
5.251697936053852794e-02
4.919603869294952858e-02
4.642358165346351095e-02
4.441500905304339442e-02
4.245793201481929541e-02
4.047797736730628093e-02
3.857193979885918667e-02
3.711429453271938156e-02
3.552243258071805659e-02
3.409164244229839075e-02
3.276534036448101872e-02
3.181087929726828661e-02
3.074369072471320671e-02
2.959196327750244354e-02
2.841381653666049528e-02
2.758994133479329355e-02
2.677246625073197508e-02
2.602895709353874112e-02
2.527263350794353020e-02
2.464746479250139871e-02
2.382048695653231005e-02
2.316179975303817029e-02
2.265693432389184053e-02
2.208179333633709246e-02
2.154174679462114717e-02
2.101329716801559819e-02
2.052258331991421714e-02
2.003925412943503154e-02
1.959031055883105402e-02
1.920305423373065007e-02
1.876480271889299778e-02
1.839797580772562988e-02
1.797600740714295348e-02
1.764405291367820289e-02
1.732351678541303036e-02
1.689131128641568197e-02
1.663444542748408056e-02
1.636533605579102574e-02
1.603693853219222837e-02
1.577038533025294439e-02
1.550311183131655203e-02
1.521018058609017488e-02
1.497106246221662981e-02
1.472768403710382826e-02
1.444825911358491900e-02
1.425544963632984809e-02
1.402043067716315580e-02
1.379965044902930517e-02
1.359421863358151704e-02
1.342930603415655108e-02
1.318471586798385629e-02
1.297801011013484385e-02
1.278763317120555632e-02
1.263505760904964914e-02
1.246681659693223143e-02
1.229769316946483296e-02
1.210859511352367288e-02
1.195597989651411494e-02
1.178317507308479506e-02
1.163647106458021510e-02
1.150711282247024285e-02
1.135611450632379241e-02
1.119587099805217575e-02
1.106520503781470953e-02
1.093641713496842569e-02
1.079030213268624902e-02
1.065554431851808113e-02
1.054784579973939984e-02
1.041996411080279607e-02
1.028726348004129626e-02
1.017566498795399732e-02
1.005688252403223043e-02
9.939833405079648992e-03
9.853085415381917372e-03
9.722252190705436489e-03
9.615947111275278611e-03
9.510035998997431669e-03
9.424441059518343794e-03
9.329048722441193181e-03
9.220251040385183533e-03
9.127741327569461119e-03
9.032943203086290715e-03
8.945063161906244981e-03
8.853658426816745503e-03
8.781940989445966364e-03
8.713535163076779194e-03
