1.357197522023323097e-03
6.557751696097985361e-03
1.296968656290241849e-02
2.064101690484894738e-02
3.067189343242256519e-02
4.067015037273328387e-02
5.222547299598701009e-02
6.058781747474453055e-02
7.117835516387206740e-02
8.128399817754003442e-02
8.960309613182762534e-02
9.951925223134168441e-02
1.111759671252593451e-01
1.212023905055116674e-01
1.294692227770159743e-01
1.394993386040080663e-01
1.492399359979692530e-01
1.602958372403863185e-01
1.710046405416031090e-01
1.793989664435270137e-01
1.884674656079783905e-01
1.985101964284117781e-01
2.092881263377767420e-01
2.183763744478059432e-01
2.292668436088527439e-01
2.393151251578210792e-01
2.495936027873824070e-01
2.574999393542569126e-01
2.667375487224447062e-01
2.775353969980619007e-01
2.892793060791447046e-01
2.984361464713366496e-01
3.083346051188073367e-01
3.175277618215606723e-01
3.277441982343131666e-01
3.362091602635747245e-01
3.483744183744553746e-01
3.584000325357389882e-01
3.668471108456481944e-01
3.768319845933961743e-01
3.867236361240261600e-01
3.968372127512613257e-01
4.067165090681398310e-01
4.167090181533354420e-01
4.269382383837733164e-01
4.359368912074956803e-01
4.467153685367720728e-01
4.558285210237628671e-01
4.667849013417414983e-01
4.759780076589077424e-01
4.851183057909455587e-01
4.980890928903269343e-01
5.062066159603936244e-01
5.149917254759308616e-01
5.258780581919225705e-01
5.349479902535950737e-01
5.443572682120293438e-01
5.550175774710607302e-01
5.642327003790315043e-01
5.742695029655749961e-01
5.859214688210880873e-01
5.942901521365018258e-01
6.043156983843511743e-01
6.141838620686561612e-01
6.242522041827308632e-01
6.324604103669650979e-01
6.443075546864454051e-01
6.550171557871931061e-01
6.649775851052901476e-01
6.734360524730231834e-01
6.826256166856626839e-01
6.925339475256648836e-01
7.034898805924685306e-01
7.135733167982741820e-01
7.241640185013011877e-01
7.334268106353298844e-01
7.417928483734582690e-01
7.517739642507219600e-01
7.634511121838475356e-01
7.725983669506890639e-01
7.818047733097986951e-01
7.925584144838001555e-01
8.026303072873254285e-01
8.117195859097436905e-01
8.217544473600988386e-01
8.326062089504444597e-01
8.417633538600570731e-01
8.518363316295772814e-01
8.619069594977467608e-01
8.700642465967776129e-01
8.818676539110527068e-01
8.917144120452974443e-01
9.017651003859400438e-01
9.100843532181608353e-01
9.200208755848773290e-01
9.309657946297832387e-01
9.409949135079955784e-01
9.509811741058389334e-01
9.608592273530568439e-01
9.708659800685243146e-01
9.795489082068643549e-01
9.873705449301859449e-01
