6.866917008198695216e-01
8.092492593247089250e-01
8.456485436520326804e-01
8.683881632452441490e-01
8.814497473010727280e-01
8.969642247140588998e-01
9.055086996150943923e-01
9.095728871792099213e-01
9.181046136711635830e-01
9.205242866378526845e-01
9.238857900651810118e-01
9.312125432133788738e-01
9.352806041173920004e-01
9.406934258702264184e-01
9.420825827291883225e-01
9.442647898962412967e-01
9.474057140203013816e-01
9.495764260689517622e-01
9.543142010123710772e-01
9.552120989102690363e-01
9.571796847207856285e-01
9.597935599850367927e-01
9.627616506010149289e-01
9.654650210623930695e-01
9.694831508962880040e-01
9.698352635723443971e-01
9.711260697015914323e-01
9.717589810939966100e-01
9.717589810939966100e-01
9.717589810939966100e-01
9.717589810939966100e-01
9.731434785549527566e-01
9.751800082353181409e-01
9.758649397421674809e-01
9.772031065878531431e-01
9.772031065878531431e-01
9.775432426422749899e-01
9.775432426422749899e-01
9.782235147511183504e-01
9.785524621195393902e-01
9.792517628188402989e-01
9.799274384945156902e-01
9.802438941907183345e-01
9.802438941907183345e-01
9.816283916516745922e-01
9.819573390200957430e-01
9.833418364810520007e-01
9.833418364810520007e-01
9.833418364810520007e-01
9.840460618331647868e-01
9.843793951664980835e-01
9.850123065589031501e-01
9.857116072582037258e-01
9.863782739248705411e-01
9.870449405915371344e-01
9.870449405915371344e-01
9.870449405915371344e-01
9.870449405915371344e-01
9.877028353283792139e-01
9.890541866797304404e-01
9.897344587885740230e-01
9.904147308974176056e-01
9.904147308974176056e-01
9.904147308974176056e-01
9.914310479137344867e-01
9.917831605897908798e-01
9.917831605897908798e-01
9.924588362654667151e-01
9.924588362654667151e-01
9.931437677723160551e-01
9.931437677723160551e-01
9.938240398811595266e-01
9.938240398811595266e-01
9.955417787467857327e-01
9.955417787467857327e-01
9.955417787467857327e-01
9.955417787467857327e-01
9.955417787467857327e-01
9.969453047981989835e-01
9.969453047981989835e-01
9.969453047981989835e-01
9.969453047981989835e-01
9.969453047981989835e-01
9.977947099892588989e-01
9.977947099892588989e-01
9.977947099892588989e-01
9.977947099892588989e-01
9.977947099892588989e-01
9.977947099892588989e-01
9.979591836734693633e-01
9.979591836734693633e-01
9.979591836734693633e-01
9.979591836734693633e-01
9.979591836734693633e-01
9.982993197278912101e-01
9.982993197278912101e-01
9.989795918367345706e-01
9.989795918367345706e-01
9.996598639455782642e-01
9.996598639455782642e-01
1.000000000000000000e+00
1.000000000000000000e+00
