7.713888888888887907e-01
8.527777777777778567e-01
8.841666666666666563e-01
9.100000000000000311e-01
9.108333333333333837e-01
9.124999999999999778e-01
9.300000000000000488e-01
9.300000000000000488e-01
9.300000000000000488e-01
9.366666666666666474e-01
9.466666666666666563e-01
9.466666666666666563e-01
9.499999999999999556e-01
9.499999999999999556e-01
9.566666666666666652e-01
9.566666666666666652e-01
9.588888888888889017e-01
9.588888888888889017e-01
9.588888888888889017e-01
9.588888888888889017e-01
9.588888888888889017e-01
9.588888888888889017e-01
9.588888888888889017e-01
9.588888888888889017e-01
9.611111111111110272e-01
9.611111111111110272e-01
9.611111111111110272e-01
9.633333333333333748e-01
9.699999999999999734e-01
9.699999999999999734e-01
9.699999999999999734e-01
9.699999999999999734e-01
9.699999999999999734e-01
9.699999999999999734e-01
9.699999999999999734e-01
9.699999999999999734e-01
9.699999999999999734e-01
9.699999999999999734e-01
9.699999999999999734e-01
9.699999999999999734e-01
9.699999999999999734e-01
9.766666666666666829e-01
9.766666666666666829e-01
9.766666666666666829e-01
9.766666666666666829e-01
9.766666666666666829e-01
9.766666666666666829e-01
9.766666666666666829e-01
9.766666666666666829e-01
9.766666666666666829e-01
9.766666666666666829e-01
9.766666666666666829e-01
9.766666666666666829e-01
9.766666666666666829e-01
9.766666666666666829e-01
9.766666666666666829e-01
9.766666666666666829e-01
9.766666666666666829e-01
9.766666666666666829e-01
9.766666666666666829e-01
9.766666666666666829e-01
9.766666666666666829e-01
9.766666666666666829e-01
9.766666666666666829e-01
9.799999999999999822e-01
9.799999999999999822e-01
9.799999999999999822e-01
9.799999999999999822e-01
9.866666666666666918e-01
9.933333333333332904e-01
9.933333333333332904e-01
9.933333333333332904e-01
9.933333333333332904e-01
9.933333333333332904e-01
9.933333333333332904e-01
9.933333333333332904e-01
9.933333333333332904e-01
9.933333333333332904e-01
9.933333333333332904e-01
9.933333333333332904e-01
9.933333333333332904e-01
1.000000000000000000e+00
1.000000000000000000e+00
1.000000000000000000e+00
1.000000000000000000e+00
1.000000000000000000e+00
1.000000000000000000e+00
1.000000000000000000e+00
1.000000000000000000e+00
1.000000000000000000e+00
1.000000000000000000e+00
1.000000000000000000e+00
1.000000000000000000e+00
1.000000000000000000e+00
1.000000000000000000e+00
1.000000000000000000e+00
1.000000000000000000e+00
1.000000000000000000e+00
1.000000000000000000e+00
1.000000000000000000e+00
1.000000000000000000e+00
1.000000000000000000e+00
1.000000000000000000e+00
1.000000000000000000e+00
1.000000000000000000e+00
1.000000000000000000e+00
1.000000000000000000e+00
1.000000000000000000e+00
1.000000000000000000e+00
1.000000000000000000e+00
1.000000000000000000e+00
1.000000000000000000e+00
1.000000000000000000e+00
1.000000000000000000e+00
1.000000000000000000e+00
1.000000000000000000e+00
1.000000000000000000e+00
1.000000000000000000e+00
1.000000000000000000e+00
1.000000000000000000e+00
1.000000000000000000e+00
1.000000000000000000e+00
1.000000000000000000e+00
1.000000000000000000e+00
1.000000000000000000e+00
1.000000000000000000e+00
1.000000000000000000e+00
1.000000000000000000e+00
1.000000000000000000e+00
1.000000000000000000e+00
1.000000000000000000e+00
