6.656118143459915926e-01
8.370253164556962222e-01
8.713080168776372592e-01
8.902953586497891481e-01
8.966244725738398147e-01
9.124472573839663703e-01
9.124472573839663703e-01
9.156118143459917036e-01
9.156118143459917036e-01
9.171940928270043702e-01
9.235232067510549259e-01
9.319620253164556667e-01
9.382911392405063333e-01
9.382911392405063333e-01
9.382911392405063333e-01
9.446202531645570000e-01
9.446202531645570000e-01
9.525316455696202222e-01
9.588607594936708889e-01
9.588607594936708889e-01
9.715189873417721111e-01
9.715189873417721111e-01
9.715189873417721111e-01
9.715189873417721111e-01
9.778481012658227778e-01
9.778481012658227778e-01
9.841772151898734444e-01
9.905063291139240000e-01
9.905063291139240000e-01
9.905063291139240000e-01
9.905063291139240000e-01
9.905063291139240000e-01
9.905063291139240000e-01
9.905063291139240000e-01
9.905063291139240000e-01
9.905063291139240000e-01
9.905063291139240000e-01
9.905063291139240000e-01
9.905063291139240000e-01
9.905063291139240000e-01
9.905063291139240000e-01
9.905063291139240000e-01
9.936708860759493334e-01
9.936708860759493334e-01
9.936708860759493334e-01
9.936708860759493334e-01
9.936708860759493334e-01
9.936708860759493334e-01
9.936708860759493334e-01
9.936708860759493334e-01
9.936708860759493334e-01
1.000000000000000000e+00
1.000000000000000000e+00
1.000000000000000000e+00
1.000000000000000000e+00
1.000000000000000000e+00
1.000000000000000000e+00
1.000000000000000000e+00
1.000000000000000000e+00
1.000000000000000000e+00
1.000000000000000000e+00
1.000000000000000000e+00
1.000000000000000000e+00
1.000000000000000000e+00
1.000000000000000000e+00
1.000000000000000000e+00
1.000000000000000000e+00
1.000000000000000000e+00
1.000000000000000000e+00
1.000000000000000000e+00
1.000000000000000000e+00
1.000000000000000000e+00
1.000000000000000000e+00
1.000000000000000000e+00
1.000000000000000000e+00
1.000000000000000000e+00
1.000000000000000000e+00
1.000000000000000000e+00
1.000000000000000000e+00
1.000000000000000000e+00
1.000000000000000000e+00
1.000000000000000000e+00
1.000000000000000000e+00
1.000000000000000000e+00
1.000000000000000000e+00
1.000000000000000000e+00
1.000000000000000000e+00
1.000000000000000000e+00
1.000000000000000000e+00
1.000000000000000000e+00
1.000000000000000000e+00
1.000000000000000000e+00
1.000000000000000000e+00
1.000000000000000000e+00
1.000000000000000000e+00
1.000000000000000000e+00
1.000000000000000000e+00
1.000000000000000000e+00
1.000000000000000000e+00
1.000000000000000000e+00
1.000000000000000000e+00
1.000000000000000000e+00
