7.159817351598171120e-01
7.932648401826485340e-01
8.602739726027396339e-01
8.972602739726027732e-01
8.972602739726027732e-01
8.972602739726027732e-01
8.972602739726027732e-01
9.041095890410958402e-01
9.109589041095890183e-01
9.212328767123287854e-01
9.212328767123287854e-01
9.246575342465753744e-01
9.315068493150684414e-01
9.315068493150684414e-01
9.452054794520547976e-01
9.520547945205479756e-01
9.520547945205479756e-01
9.520547945205479756e-01
9.520547945205479756e-01
9.520547945205479756e-01
9.520547945205479756e-01
9.520547945205479756e-01
9.520547945205479756e-01
9.520547945205479756e-01
9.520547945205479756e-01
9.520547945205479756e-01
9.589041095890410427e-01
9.657534246575342207e-01
9.657534246575342207e-01
9.657534246575342207e-01
9.657534246575342207e-01
9.657534246575342207e-01
9.657534246575342207e-01
9.657534246575342207e-01
9.657534246575342207e-01
9.657534246575342207e-01
9.794520547945205768e-01
9.863013698630136439e-01
9.863013698630136439e-01
9.863013698630136439e-01
9.863013698630136439e-01
9.863013698630136439e-01
9.863013698630136439e-01
9.863013698630136439e-01
9.863013698630136439e-01
9.863013698630136439e-01
9.863013698630136439e-01
9.863013698630136439e-01
9.863013698630136439e-01
9.863013698630136439e-01
9.863013698630136439e-01
9.863013698630136439e-01
9.863013698630136439e-01
9.863013698630136439e-01
9.863013698630136439e-01
9.863013698630136439e-01
9.863013698630136439e-01
9.863013698630136439e-01
9.863013698630136439e-01
9.863013698630136439e-01
9.863013698630136439e-01
9.863013698630136439e-01
9.863013698630136439e-01
9.863013698630136439e-01
9.863013698630136439e-01
9.863013698630136439e-01
9.863013698630136439e-01
9.863013698630136439e-01
9.863013698630136439e-01
9.863013698630136439e-01
9.863013698630136439e-01
9.863013698630136439e-01
9.863013698630136439e-01
9.863013698630136439e-01
9.863013698630136439e-01
9.863013698630136439e-01
9.863013698630136439e-01
9.863013698630136439e-01
9.931506849315068219e-01
9.931506849315068219e-01
9.931506849315068219e-01
9.931506849315068219e-01
9.931506849315068219e-01
9.931506849315068219e-01
9.931506849315068219e-01
9.931506849315068219e-01
9.931506849315068219e-01
9.931506849315068219e-01
9.931506849315068219e-01
9.931506849315068219e-01
9.931506849315068219e-01
9.931506849315068219e-01
9.931506849315068219e-01
9.931506849315068219e-01
1.000000000000000000e+00
1.000000000000000000e+00
1.000000000000000000e+00
1.000000000000000000e+00
1.000000000000000000e+00
1.000000000000000000e+00
1.000000000000000000e+00
1.000000000000000000e+00
1.000000000000000000e+00
1.000000000000000000e+00
1.000000000000000000e+00
1.000000000000000000e+00
1.000000000000000000e+00
1.000000000000000000e+00
1.000000000000000000e+00
1.000000000000000000e+00
1.000000000000000000e+00
1.000000000000000000e+00
1.000000000000000000e+00
1.000000000000000000e+00
1.000000000000000000e+00
1.000000000000000000e+00
