6.449530516431924987e-01
8.039906103286386108e-01
8.327464788732393819e-01
8.732394366197182567e-01
8.873239436619718701e-01
9.014084507042253724e-01
9.154929577464788748e-01
9.154929577464788748e-01
9.154929577464788748e-01
9.260563380281690016e-01
9.260563380281690016e-01
9.260563380281690016e-01
9.295774647887323772e-01
9.366197183098591283e-01
9.366197183098591283e-01
9.507042253521126307e-01
9.612676056338028685e-01
9.683098591549296197e-01
9.683098591549296197e-01
9.753521126760563709e-01
9.753521126760563709e-01
9.753521126760563709e-01
9.753521126760563709e-01
9.753521126760563709e-01
9.788732394366197465e-01
9.788732394366197465e-01
9.788732394366197465e-01
9.788732394366197465e-01
9.788732394366197465e-01
9.788732394366197465e-01
9.788732394366197465e-01
9.788732394366197465e-01
9.788732394366197465e-01
9.788732394366197465e-01
9.788732394366197465e-01
9.788732394366197465e-01
9.788732394366197465e-01
9.788732394366197465e-01
9.788732394366197465e-01
9.788732394366197465e-01
9.788732394366197465e-01
9.788732394366197465e-01
9.788732394366197465e-01
9.788732394366197465e-01
9.788732394366197465e-01
9.788732394366197465e-01
9.788732394366197465e-01
9.788732394366197465e-01
9.788732394366197465e-01
9.788732394366197465e-01
9.788732394366197465e-01
9.788732394366197465e-01
9.788732394366197465e-01
9.788732394366197465e-01
9.859154929577464976e-01
9.859154929577464976e-01
9.859154929577464976e-01
9.929577464788732488e-01
9.929577464788732488e-01
9.929577464788732488e-01
9.929577464788732488e-01
9.929577464788732488e-01
9.929577464788732488e-01
9.929577464788732488e-01
9.929577464788732488e-01
9.929577464788732488e-01
9.929577464788732488e-01
9.929577464788732488e-01
9.929577464788732488e-01
9.929577464788732488e-01
9.929577464788732488e-01
9.929577464788732488e-01
9.929577464788732488e-01
9.929577464788732488e-01
9.929577464788732488e-01
9.929577464788732488e-01
9.929577464788732488e-01
9.929577464788732488e-01
9.929577464788732488e-01
9.929577464788732488e-01
9.929577464788732488e-01
9.929577464788732488e-01
9.929577464788732488e-01
9.929577464788732488e-01
9.929577464788732488e-01
9.929577464788732488e-01
9.929577464788732488e-01
9.929577464788732488e-01
9.929577464788732488e-01
9.929577464788732488e-01
9.929577464788732488e-01
9.929577464788732488e-01
9.929577464788732488e-01
9.929577464788732488e-01
9.929577464788732488e-01
9.929577464788732488e-01
9.929577464788732488e-01
1.000000000000000000e+00
1.000000000000000000e+00
1.000000000000000000e+00
1.000000000000000000e+00
1.000000000000000000e+00
1.000000000000000000e+00
1.000000000000000000e+00
1.000000000000000000e+00
1.000000000000000000e+00
1.000000000000000000e+00
1.000000000000000000e+00
1.000000000000000000e+00
1.000000000000000000e+00
1.000000000000000000e+00
1.000000000000000000e+00
1.000000000000000000e+00
1.000000000000000000e+00
1.000000000000000000e+00
1.000000000000000000e+00
1.000000000000000000e+00
1.000000000000000000e+00
1.000000000000000000e+00
1.000000000000000000e+00
1.000000000000000000e+00
1.000000000000000000e+00
1.000000000000000000e+00
1.000000000000000000e+00
1.000000000000000000e+00
1.000000000000000000e+00
1.000000000000000000e+00
