6.201877934272300719e-01
7.826291079812207618e-01
8.053990610328638500e-01
8.383802816901407828e-01
8.647887323943661553e-01
8.718309859154929065e-01
8.823943661971830332e-01
8.894366197183097844e-01
8.964788732394366466e-01
9.035211267605635088e-01
9.035211267605635088e-01
9.035211267605635088e-01
9.070422535211268844e-01
9.140845070422536356e-01
9.140845070422536356e-01
9.140845070422536356e-01
9.140845070422536356e-01
9.295774647887323772e-01
9.436619718309858795e-01
9.436619718309858795e-01
9.507042253521126307e-01
9.577464788732393819e-01
9.577464788732393819e-01
9.577464788732393819e-01
9.577464788732393819e-01
9.647887323943662441e-01
9.647887323943662441e-01
9.647887323943662441e-01
9.718309859154929953e-01
9.753521126760563709e-01
9.753521126760563709e-01
9.753521126760563709e-01
9.753521126760563709e-01
9.753521126760563709e-01
9.753521126760563709e-01
9.753521126760563709e-01
9.823943661971831220e-01
9.823943661971831220e-01
9.823943661971831220e-01
9.823943661971831220e-01
9.823943661971831220e-01
9.823943661971831220e-01
9.823943661971831220e-01
9.823943661971831220e-01
9.823943661971831220e-01
9.823943661971831220e-01
9.823943661971831220e-01
9.823943661971831220e-01
9.823943661971831220e-01
9.823943661971831220e-01
9.823943661971831220e-01
9.823943661971831220e-01
9.823943661971831220e-01
9.823943661971831220e-01
9.823943661971831220e-01
9.823943661971831220e-01
9.823943661971831220e-01
9.894366197183098732e-01
9.894366197183098732e-01
9.894366197183098732e-01
9.894366197183098732e-01
9.894366197183098732e-01
9.894366197183098732e-01
9.894366197183098732e-01
9.894366197183098732e-01
9.894366197183098732e-01
9.894366197183098732e-01
9.894366197183098732e-01
9.894366197183098732e-01
9.894366197183098732e-01
9.894366197183098732e-01
9.894366197183098732e-01
9.894366197183098732e-01
9.894366197183098732e-01
9.894366197183098732e-01
9.929577464788732488e-01
9.929577464788732488e-01
9.929577464788732488e-01
9.929577464788732488e-01
9.929577464788732488e-01
9.929577464788732488e-01
9.929577464788732488e-01
9.929577464788732488e-01
9.929577464788732488e-01
9.929577464788732488e-01
1.000000000000000000e+00
1.000000000000000000e+00
1.000000000000000000e+00
1.000000000000000000e+00
1.000000000000000000e+00
1.000000000000000000e+00
1.000000000000000000e+00
1.000000000000000000e+00
1.000000000000000000e+00
1.000000000000000000e+00
1.000000000000000000e+00
1.000000000000000000e+00
1.000000000000000000e+00
1.000000000000000000e+00
1.000000000000000000e+00
1.000000000000000000e+00
1.000000000000000000e+00
1.000000000000000000e+00
1.000000000000000000e+00
1.000000000000000000e+00
1.000000000000000000e+00
1.000000000000000000e+00
1.000000000000000000e+00
1.000000000000000000e+00
1.000000000000000000e+00
1.000000000000000000e+00
1.000000000000000000e+00
1.000000000000000000e+00
1.000000000000000000e+00
1.000000000000000000e+00
1.000000000000000000e+00
1.000000000000000000e+00
1.000000000000000000e+00
1.000000000000000000e+00
