6.761904761904760086e-01
8.195011337868481904e-01
8.494331065759638255e-01
8.646258503401360596e-01
8.877551020408163129e-01
8.877551020408163129e-01
8.979591836734693855e-01
9.047619047619047672e-01
9.149659863945578397e-01
9.217687074829932214e-01
9.217687074829932214e-01
9.217687074829932214e-01
9.217687074829932214e-01
9.285714285714286031e-01
9.285714285714286031e-01
9.285714285714286031e-01
9.285714285714286031e-01
9.285714285714286031e-01
9.285714285714286031e-01
9.285714285714286031e-01
9.353741496598639849e-01
9.353741496598639849e-01
9.455782312925170574e-01
9.455782312925170574e-01
9.455782312925170574e-01
9.523809523809523281e-01
9.523809523809523281e-01
9.523809523809523281e-01
9.591836734693877098e-01
9.659863945578230915e-01
9.659863945578230915e-01
9.659863945578230915e-01
9.659863945578230915e-01
9.659863945578230915e-01
9.659863945578230915e-01
9.659863945578230915e-01
9.659863945578230915e-01
9.659863945578230915e-01
9.727891156462584732e-01
9.727891156462584732e-01
9.727891156462584732e-01
9.795918367346938549e-01
9.795918367346938549e-01
9.795918367346938549e-01
9.795918367346938549e-01
9.795918367346938549e-01
9.795918367346938549e-01
9.795918367346938549e-01
9.795918367346938549e-01
9.795918367346938549e-01
9.795918367346938549e-01
9.795918367346938549e-01
9.795918367346938549e-01
9.795918367346938549e-01
9.795918367346938549e-01
9.795918367346938549e-01
9.795918367346938549e-01
9.795918367346938549e-01
9.795918367346938549e-01
9.795918367346938549e-01
9.795918367346938549e-01
9.795918367346938549e-01
9.795918367346938549e-01
9.795918367346938549e-01
9.795918367346938549e-01
9.795918367346938549e-01
9.795918367346938549e-01
9.795918367346938549e-01
9.795918367346938549e-01
9.795918367346938549e-01
9.795918367346938549e-01
9.795918367346938549e-01
9.795918367346938549e-01
9.795918367346938549e-01
9.863945578231292366e-01
9.863945578231292366e-01
9.863945578231292366e-01
9.863945578231292366e-01
9.863945578231292366e-01
9.863945578231292366e-01
9.863945578231292366e-01
9.863945578231292366e-01
9.863945578231292366e-01
9.863945578231292366e-01
9.863945578231292366e-01
9.863945578231292366e-01
9.863945578231292366e-01
9.863945578231292366e-01
9.863945578231292366e-01
9.863945578231292366e-01
9.863945578231292366e-01
9.863945578231292366e-01
9.863945578231292366e-01
9.863945578231292366e-01
9.863945578231292366e-01
9.863945578231292366e-01
9.863945578231292366e-01
9.863945578231292366e-01
9.863945578231292366e-01
9.863945578231292366e-01
9.863945578231292366e-01
9.863945578231292366e-01
9.863945578231292366e-01
9.863945578231292366e-01
9.863945578231292366e-01
9.863945578231292366e-01
9.863945578231292366e-01
9.863945578231292366e-01
9.863945578231292366e-01
9.863945578231292366e-01
9.863945578231292366e-01
9.863945578231292366e-01
9.863945578231292366e-01
9.863945578231292366e-01
9.863945578231292366e-01
9.863945578231292366e-01
9.863945578231292366e-01
9.863945578231292366e-01
9.931972789115646183e-01
9.931972789115646183e-01
1.000000000000000000e+00
1.000000000000000000e+00
1.000000000000000000e+00
1.000000000000000000e+00
1.000000000000000000e+00
1.000000000000000000e+00
