7.001126126126127058e-01
8.090090090090089614e-01
8.447072072072071558e-01
8.531531531531530987e-01
8.646396396396396344e-01
8.781531531531531209e-01
8.849099099099099197e-01
9.031531531531531432e-01
9.031531531531531432e-01
9.166666666666666297e-01
9.166666666666666297e-01
9.256756756756756577e-01
9.256756756756756577e-01
9.256756756756756577e-01
9.324324324324324564e-01
9.391891891891891442e-01
9.459459459459459429e-01
9.459459459459459429e-01
9.459459459459459429e-01
9.459459459459459429e-01
9.459459459459459429e-01
9.459459459459459429e-01
9.493243243243243423e-01
9.560810810810810301e-01
9.560810810810810301e-01
9.560810810810810301e-01
9.560810810810810301e-01
9.628378378378378288e-01
9.628378378378378288e-01
9.628378378378378288e-01
9.628378378378378288e-01
9.628378378378378288e-01
9.628378378378378288e-01
9.628378378378378288e-01
9.628378378378378288e-01
9.628378378378378288e-01
9.628378378378378288e-01
9.628378378378378288e-01
9.628378378378378288e-01
9.628378378378378288e-01
9.628378378378378288e-01
9.628378378378378288e-01
9.628378378378378288e-01
9.628378378378378288e-01
9.628378378378378288e-01
9.628378378378378288e-01
9.628378378378378288e-01
9.628378378378378288e-01
9.628378378378378288e-01
9.628378378378378288e-01
9.628378378378378288e-01
9.695945945945946276e-01
9.695945945945946276e-01
9.695945945945946276e-01
9.695945945945946276e-01
9.695945945945946276e-01
9.695945945945946276e-01
9.695945945945946276e-01
9.695945945945946276e-01
9.695945945945946276e-01
9.695945945945946276e-01
9.695945945945946276e-01
9.695945945945946276e-01
9.695945945945946276e-01
9.695945945945946276e-01
9.695945945945946276e-01
9.695945945945946276e-01
9.695945945945946276e-01
9.695945945945946276e-01
9.695945945945946276e-01
9.695945945945946276e-01
9.695945945945946276e-01
9.695945945945946276e-01
9.763513513513513153e-01
9.831081081081081141e-01
9.831081081081081141e-01
9.831081081081081141e-01
9.831081081081081141e-01
9.831081081081081141e-01
9.831081081081081141e-01
9.831081081081081141e-01
9.831081081081081141e-01
9.831081081081081141e-01
9.831081081081081141e-01
9.898648648648649129e-01
9.898648648648649129e-01
9.898648648648649129e-01
9.898648648648649129e-01
9.898648648648649129e-01
9.898648648648649129e-01
9.898648648648649129e-01
1.000000000000000000e+00
1.000000000000000000e+00
1.000000000000000000e+00
1.000000000000000000e+00
1.000000000000000000e+00
1.000000000000000000e+00
1.000000000000000000e+00
1.000000000000000000e+00
1.000000000000000000e+00
1.000000000000000000e+00
1.000000000000000000e+00
1.000000000000000000e+00
1.000000000000000000e+00
1.000000000000000000e+00
1.000000000000000000e+00
1.000000000000000000e+00
1.000000000000000000e+00
1.000000000000000000e+00
1.000000000000000000e+00
1.000000000000000000e+00
1.000000000000000000e+00
1.000000000000000000e+00
1.000000000000000000e+00
1.000000000000000000e+00
1.000000000000000000e+00
1.000000000000000000e+00
1.000000000000000000e+00
1.000000000000000000e+00
1.000000000000000000e+00
1.000000000000000000e+00
1.000000000000000000e+00
1.000000000000000000e+00
1.000000000000000000e+00
1.000000000000000000e+00
1.000000000000000000e+00
1.000000000000000000e+00
1.000000000000000000e+00
