6.564102564102564097e-01
7.918414918414918846e-01
8.433566433566432874e-01
8.657342657342657066e-01
8.776223776223776030e-01
9.055944055944056270e-01
9.125874125874126053e-01
9.195804195804195835e-01
9.195804195804195835e-01
9.195804195804195835e-01
9.195804195804195835e-01
9.195804195804195835e-01
9.335664335664335400e-01
9.335664335664335400e-01
9.405594405594405183e-01
9.405594405594405183e-01
9.405594405594405183e-01
9.405594405594405183e-01
9.405594405594405183e-01
9.475524475524476076e-01
9.545454545454545858e-01
9.545454545454545858e-01
9.545454545454545858e-01
9.580419580419580194e-01
9.685314685314685423e-01
9.685314685314685423e-01
9.755244755244755206e-01
9.755244755244755206e-01
9.755244755244755206e-01
9.755244755244755206e-01
9.755244755244755206e-01
9.755244755244755206e-01
9.755244755244755206e-01
9.755244755244755206e-01
9.755244755244755206e-01
9.755244755244755206e-01
9.755244755244755206e-01
9.755244755244755206e-01
9.755244755244755206e-01
9.755244755244755206e-01
9.755244755244755206e-01
9.755244755244755206e-01
9.755244755244755206e-01
9.755244755244755206e-01
9.755244755244755206e-01
9.755244755244755206e-01
9.755244755244755206e-01
9.825174825174824988e-01
9.825174825174824988e-01
9.825174825174824988e-01
9.825174825174824988e-01
9.825174825174824988e-01
9.825174825174824988e-01
9.825174825174824988e-01
9.825174825174824988e-01
9.825174825174824988e-01
9.825174825174824988e-01
9.825174825174824988e-01
9.825174825174824988e-01
9.825174825174824988e-01
9.825174825174824988e-01
9.825174825174824988e-01
9.895104895104894771e-01
9.895104895104894771e-01
9.895104895104894771e-01
9.895104895104894771e-01
9.895104895104894771e-01
9.895104895104894771e-01
9.895104895104894771e-01
9.895104895104894771e-01
9.895104895104894771e-01
9.895104895104894771e-01
9.895104895104894771e-01
9.895104895104894771e-01
9.895104895104894771e-01
9.895104895104894771e-01
9.930069930069930217e-01
9.930069930069930217e-01
9.930069930069930217e-01
9.930069930069930217e-01
9.930069930069930217e-01
9.930069930069930217e-01
9.930069930069930217e-01
9.930069930069930217e-01
9.930069930069930217e-01
9.930069930069930217e-01
9.930069930069930217e-01
9.930069930069930217e-01
9.930069930069930217e-01
9.930069930069930217e-01
9.930069930069930217e-01
9.930069930069930217e-01
9.930069930069930217e-01
1.000000000000000000e+00
1.000000000000000000e+00
1.000000000000000000e+00
1.000000000000000000e+00
1.000000000000000000e+00
1.000000000000000000e+00
1.000000000000000000e+00
1.000000000000000000e+00
1.000000000000000000e+00
1.000000000000000000e+00
1.000000000000000000e+00
1.000000000000000000e+00
1.000000000000000000e+00
1.000000000000000000e+00
1.000000000000000000e+00
1.000000000000000000e+00
1.000000000000000000e+00
1.000000000000000000e+00
1.000000000000000000e+00
1.000000000000000000e+00
1.000000000000000000e+00
1.000000000000000000e+00
1.000000000000000000e+00
1.000000000000000000e+00
1.000000000000000000e+00
1.000000000000000000e+00
1.000000000000000000e+00
1.000000000000000000e+00
1.000000000000000000e+00
